-0.58275075323801994731
0.12272875189397305928
-0.12975576296189070269
0.71339508856198341480
0.81096345637468980616
0.56686754683869411409
-0.07423680639185471775
-0.01017403775128571282
-0.51030980767094813455
-0.34695427912506765500
0.48593828712379849577
-0.20724755517521159520
0.07002378274260724622
-0.22449792975656410188
-0.27503834713337554918
-0.42723457816105986362
-0.70887542690672955548
0.55323995303230710796
-0.40525828075806613615
0.39090672766034539887
0.28421492288622279832
0.24841650707857254599
-0.39029342004338468675
0.38209243860395986081
0.46992441157127545770
-0.82220796242981564195
0.12997468794491409683
-0.16243096097334155936
0.15592564869359282209
-0.42586300046440422884
-0.46350464674481473004
-0.09087743567988874893
-0.24380085263807949048
0.29462712971110133209
-0.27537430246130123468
0.34127837970982854987
0.21162860997837956711
-0.31629383695400842269
-0.36758618591734099068
0.50877417381347145309
-0.63950370469045403343
-0.28898953408782940278
0.14288524872314348202
-0.03267243146875994930
-0.16057743030383386795
-0.46285862546704387155
-0.27330069232837816973
0.04370261775233005852
0.09750800776795670588
-0.30966396755812886088
0.14850976301959009640
0.81251172263517701388
0.12930466821704081348
-0.13504172554786542104
0.08446454977909916007
0.18302786739337387201
0.01502517653415974888
-0.14412151230134470636
-0.07161148438107385605
-0.57185979064875125388
-0.40918377925288357266
-0.11855210429668608385
0.48265274140209568632
0.05922231628304899104
-0.20903958495594610056
0.01932406502063972742
0.30738783866259017374
0.13724689352618091309
-0.31764319869271617769
0.67347533989481667138
-0.49105302405063233628
0.43388143669016793202
-0.49961915998237826919
0.43048213630727294454
0.21871403829108101990
-0.26084753519946685119
-0.16142215737154699817
0.52620833566826574756
0.19373878876054806408
0.38016632543698020141
0.70301598728373848601
0.32285770330895219304
-0.23960717580594384502
0.35173268888921654929
0.12730405779525075238
0.39234238641034935302
-0.01120016408269060466
0.15219005810905958387
0.67085611458739435875
1.16540201768910578473
0.01253164079389102598
0.33796307002449821333
-0.18432644345101545369
-0.25961004625679962032
-0.15776045441827193927
0.19020400177884044801
-0.08168988270281737907
0.36362512450275574771
-0.15699507729509526444
-0.37571457248789669192
0.51676114346007884226
0.01904781383832659242
0.39088195654699020576
-0.18272357274358974610
-0.10713703854518193126
-0.96075541199389280500
0.09237171855226775086
-0.19702781664580751309
0.00241713165161337772
0.31883451558445291552
0.51842528676690735612
0.04721176031087358921
0.31757289598737586944
0.34938103886718441249
-0.57302657098778853051
0.31692755530582250589
-0.26470506512996672122
0.14588189197357875893
0.48479743806329400613
-0.12611738560416532740
-0.29008780355848606813
0.24107537475548362904
-0.50205542468557984304
0.13891285585305940264
-0.41214872793867912693
-0.30170998611717242399
0.15721372828981713954
-0.49614397681787597572
0.20428086150575525126
-0.58683343851301983385
-1.05645782172818614164
-0.20668135154311254031
0.11897021977879827792
0.28700927239160295423
-0.55947091477999044695
-0.65001024846545940594
-0.93519512866911524984
-0.26183320762900486045
-0.68946083374036226665
0.02131498762236126027
-0.34825377428412229719
0.02018745439626646460
-0.62368226179057117964
-0.26563307217239712221
-0.32692444118528102281
-0.17524968466526061328
-0.18112460114299658298
0.35478050856115950218
-0.42369564964300138188
0.41068628521144717736
-0.14533374884785005277
0.34685549782482383296
-0.24734417134168193431
-0.06179519652374425298
-0.09121591668633734218
0.15593625652883252863
-0.44075014215114405314
0.13881851153217317218
-0.47475398594908485572
0.39377428277410148061
-0.46503339857406056357
0.45719071408431100068
-0.48438243071495390435
-0.22909596184621949799
0.58942172227861877598
-0.49336239919574348400
0.03900516950863652105
-0.02978075205057674132
0.17990884381757490940
0.00951906520041955438
0.30184265931034509611
0.00932415025592517668
-0.29869326594370876338
-0.15770120047086541581
-0.19902399839230203171
-0.57139907830727165727
-0.23045241601481478155
0.06713077425358972283
-0.01336675150086614507
-0.14547931688407170214
0.60909235338897160794
-0.11432826331045625734
-0.38952114484295480290
-0.07004633674725720127
0.32366115286610497304
-0.61569921301544294767
-0.12046930381159670631
0.29796911204065190670
-0.01534798722694579245
-0.04738016842115640864
0.59380930892414607314
0.23065098258042873725
-0.50071754910681021133
-0.35990609211500607101
0.06301361751065856498
-0.14566217256589353291
0.30425544385766956079
0.35405276647891165132
-0.49577749817176186564
-0.33214235640192307786
0.21222307610485557916
0.38674641736742615405
0.38648739233373169411
-0.18050147955741235872
-0.40777620482059440121
-0.61940432900875042055
-0.22926728651468139542
0.08001821945896676891
-0.44919087201059049175
0.57480855307919542785
0.39395418770175311129
-0.25371123451941812732
-0.01673681058568986246
-0.04587172403728034115
0.77400884709677242324
0.45144437323102409865
0.04158668449451627391
-0.47504074693652093009
-0.89703830849123400437
0.37345255498386242810
0.02655411749159576965
-0.13876118157825248489
-0.02831552318322341430
-0.62558025997160149334
-0.31356988260791718304
-0.11139011068241305713
-0.23412614652740262877
-1.00743977277446150609
0.47733267427555164941
-0.05366376794143010859
0.05573589165026442138
-0.34501397303442310482
-0.12910781543890842427
-0.37405280342900110169
-0.42745943975635192214
0.14832864567746179008
0.00564041411234821998
0.15172218623425731687
0.35554852945192311209
-0.21732957325048896102
0.32952431296697592966
-0.02676865457271977028
-0.54612348734808535689
-0.29888124233190238588
0.27992850304831390362
-0.75684023466010919012
0.76420413913969453823
0.07414756900877493562
-0.98489292339500422724
0.44430770637259897615
-0.32499104173022580477
-0.30283227934061190956
-0.12575821592451222330
-0.12797810410963680883
0.79189878319798145956
0.01304712037053530269
0.39728593334210032806
-0.25298957285145357021
-0.22339440589292547390
1.03548457705612073632
-0.30844629647205829004
0.73516334682306883064
0.21177102019118609899
1.03269445688036132225
-0.41510348630322513319
0.24616243493874587212
0.08170827749398928974
0.71370657446199259333
-0.39576708330430027116
-0.17913810615802541748
0.57060082669812084433
0.42428091925559646702
-0.04628384689207871300
0.46761723501913987633
0.24996568311510261595
0.27508394818712256225
0.20434360329802392364
-0.05430976592928293822
0.30521752272100460823
-0.28953075642153519587
-0.51033926135829310589
-0.05636267648567270389
0.15970593968464030787
-0.36195215091596172341
0.11673742517439784916
-0.08835899835076047037
-0.76143973771928141758
0.50487588442274766720
0.08252613049292616132
0.31583023353041295156
0.10861613859332493182
-0.28427671067957266393
0.39183631135256991040
-0.54499549129351365639
-0.36995330695111822150
0.52081619831967540524
-0.09202219001550684951
0.35285467836485806536
-0.04040515762346249401
0.02045408852760281435
0.18386711863989227411
0.23031072796217466614
-0.53863475249184300520
-0.09322545998195509720
-0.10460716626589791622
0.18549004454195111569
-0.20731210956407028490
-0.91249572790395627742
0.01094590394240099393
-0.81185143658360436891
0.59407786656960503979
0.21267573133324271795
-0.28598430588171158684
-0.20649955541310513474
-0.34787378841853777711
0.25646317538600210684
-0.55944493000984962805
0.34308408864849226916
-0.26878880681578759537
-0.42027379955881954965
-0.10360093887918662980
-0.30646739774595394001
0.24514838664377214261
-0.44666211288861179529
-0.23906387050443830833
0.01131104719834212687
-0.09226682387638689142
0.41661353287154473390
0.05336481359498760485
-0.03086936562148038382
0.33965889861750503398
-0.04885273452094637814
-0.43211837394178498339
-0.15288431533796459361
-0.60355010435271383429
0.16941090914255196864
0.48468882350886505206
-0.28065092810109693033
-0.35701088822691745550
-0.53513650251942757041
0.00630574131372218030
0.60610871239165198254
0.19032616876534425021
-0.32062002465578126609
-0.44354789023964996675
0.61448039040364854646
-0.28851414562429622546
0.11136347351768394187
0.48213807593647800553
-0.25447185223878693305
-0.36742133789670017308
-0.38888450257354417738
0.09331739376846162615
-0.38805405139790644098
0.22862572778989992406
0.26899472883068892282
0.88548601949685823431
-0.23485536368500398163
0.43073583831677225708
0.55258485070088270152
-0.65196387738754824070
0.48888337814032867268
0.12615985088802031400
0.67320588921397128690
-0.77753462116317795250
0.79618622327409627193
0.05878462222299079415
0.28682921883175227507
0.22745430620976264668
-0.47601647194373758465
0.29779107520274961107
-0.31069694069174391693
-0.10749057012798073074
0.40474855709217261168
-0.04247662522093510057
0.65148361819226952019
-0.14359043017343697812
-0.55405076490080662488
0.14327689795856893284
-0.16827057303268139199
0.51074791175475242611
-0.17901893973183516384
0.60380966343463171597
0.39651719782492095279
-0.28397953100429201845
0.20139085221175556661
-0.01348746928902068778
0.19310470297498646963
-0.45361851757921811679
-0.07112041386934085663
0.67941360752547852453
-0.30944051735280447835
-0.50202513400681580968
-0.43905927586376142235
0.32009111655233962734
0.09367866120962978216
0.18852280309376476253
0.17296937624428118663
-0.12104699423860001972
-0.58488986240745144407
0.20695291312125607686
-0.25958821071127513580
0.67705108485757914405
-0.14220581536650289678
0.19382808042111571156
0.34479805487846465484
-0.21341506149009312199
-0.02749992435912647359
0.54106837034566157563
0.17193887977688579460
-0.23694620386759135400
-0.34417358100529998888
0.25862565944764370762
-0.03531599164511713823
-0.15341343881051855425
0.21935156507609626653
0.02297262799671597258
0.26921244783210013241
-0.78550620179418539912
0.03182195428925779779
0.53464781492679414043
-0.72340651109875764302
-0.27836350675844856450
0.05016018917783084813
0.14804143916155249050
0.05172449702233922197
0.02649617560473014471
-1.00955867262096199433
0.03437882089121480078
-0.16690651136856138326
-0.18438843103763857822
0.16680323687588954895
-0.11036645792299272506
0.35772503089781593211
-0.00228306594747919268
0.74209441003602039100
0.27398867490089556798
-0.83486444918645985602
-0.78595762718377271128
-0.06207797072030698388
0.28222636015922486497
-0.45768213451954764537
-0.08950193341235229694
0.17494637347321248533
0.26208571334747449155
-0.02784508112378288047
-0.44610511781237366380
0.14336406530874068466
0.13880682222591933517
0.17364189435826912766
-0.47891162796044123295
0.03918325973434080151
0.76763100896367708614
0.04183673215150456037
0.36714281452150959728
-0.00319943835564779136
0.04683148687845837405
0.39721598486961506858
-0.07776833730994582583
0.31827231633308539216
0.24300585084865963803
0.12789988331578930336
-0.14451719129719364787
-0.05279321433156425325
-0.08939561940729404133
-0.38577174355390742022
0.10205780343148394829
-0.39796933522972571806
0.18921388387017887278
0.52633131934543009312
0.13713258102070649547
-0.00972322812695435718
0.20747095620532260418
0.05145284060961893835
-0.45081085165334350284
0.65644141209580508800
-0.14840048019310403404
-0.02724853074175712098
0.09406001712107825430
0.12727775759030798830
-0.21073941367505014122
-0.42697653185788514429
0.45003211002746035252
0.33096714743048982754
0.27120145204127071858
-0.11537510450550711449
0.10733130695182174774
0.07208786730606871196
0.04615977859076290241
0.47882302357364786571
-0.01038876536673187696
-0.55897514189093111536
0.04994314092678208555
0.24369113517752488685
-0.11959865609301867373
-0.12499469387665716746
-0.19639100248516919156
-0.18774294490310552974
0.48843336593344843788
0.03710753658066153621
0.76091507241914502213
-0.06953498234609349626
0.45908919296851963265
-0.06642647124688907945
-0.25109909698217219853
0.01436953798803245787
-0.31581054547245007713
-0.24305915962722501877
-0.07763719337971752843
0.92866503780017939373
0.15833094578113596218
0.10976733050588390050
-0.00537612385873402661
-0.07300869211460776775
-0.78391301712107575028
0.01826897614191929850
-0.47042597514450312790
-0.36993284877112414533
-0.01370553047039331854
-0.43192802936240137779
0.01318220537046912305
-0.50365779497968421463
0.23552045943828756047
-0.15935227796170145509
0.39510618723889034953
-0.34487434372625719314
0.37005196636960735468
0.12408121370952943097
0.18607917744545973693
-0.87985649567605639376
-0.24194613275460374879
-0.02799067279232779135
0.14357340736617602017
0.20037386559915823514
-0.31156605808551007808
0.40346595269593799049
0.08433172943132632993
0.14558800090732104682
-0.20887355941159135853
0.31519301035975039182
-0.16631364567586257031
-0.38493959719795162178
0.06866003196594494540
0.01921646665441063481
0.03826557482209218958
0.03275516383495908485
-0.17766120142917476987
-0.43433815549252330346
0.32516095457469196273
0.38465667944749526441
0.83263115417796396134
-0.27965461811620978549
0.22855672486031061719
-0.21888695719237927229
0.08637959567220115931
0.79125171324059895284
-0.48491277700866791678
-0.24709477116859585033
-0.57833499513473973774
0.72088146191464197443
0.36231250887924199011
-0.14085699425851752609
-0.12595731139425045408
0.50164964468603967518
0.33663734152518071108
-0.36883590007086825002
-0.97150882444568054108
-0.42246952359598322069
-0.28611871363069857344
0.12920095633245001765
0.17488922621151559156
-0.67972894171986442124
0.47057567948336215258
0.01867796203945285352
-0.22371530583052662289
0.09539342851338419860
0.16535660586545908313
-0.95930812911060248105
-0.25529472446266104901
0.26820594193647517844
0.08123836496273602326
0.32995875980470340538
0.55784164230779964555
0.54687978972110307119
0.41861633372821421828
-0.21287350598957283099
0.67942532558521862018
0.11962660230140911843
0.74837914470998678773
0.56923359705616871640
0.00147987330191788114
-0.23679596162138774607
0.13703721923209136180
0.07302483850535038123
0.19712858110437050940
0.25452336107808076759
-0.04833635449490300551
-0.15858261123119773983
-0.27355236317739012319
-0.60609818445058194492
-0.43519273268948199807
0.20607139823423528679
0.48464158472804175215
0.25606260256841001377
-0.01867057351359548492
0.22909959193094484031
0.49838683460836508132
-0.13858539251720713992
0.10347659244990203842
0.35094056235695303414
-0.65194916049301709915
-0.66345813114612917083
0.24116091485167429065
-0.20484740425666117525
0.32598284412853251180
0.20469074339292553377
0.50616428467182328355
0.54771194863110272966
-0.44303291977624525977
-0.18654833148970534351
0.48474596639638750650
0.14018800254895100177
-0.13120430343204447787
-0.35444356767497037231
0.36365291021259038562
0.62191864929618601021
0.41536976057240709848
-0.22328710207255592080
0.09958479499171879468
-0.33405381922783156101
0.05089680836551754850
0.02221597912764308735
-0.49125402770898513038
-0.12091477350139320790
-0.62916988531641115934
-0.98120795683195594084
-0.91441557616908131223
-0.33886327176808178629
0.16618523712778551782
0.34254100760618128030
-0.17335621686674942965
-0.92533915989975645822
0.79359141339497618617
0.31139160963914536140
0.79354729991500816411
-0.11312737690519310274
0.14728097022928682280
0.39474446824406778100
-0.12796036290310058847
-0.16365852081187967637
-0.40732036710843128047
-0.33680061040647768511
-0.14688974026248691196
-0.21951036192141334946
0.72786931114068009752
0.19060582374935994276
-0.07502566441574565204
0.37754141379126482381
0.29463100897679150858
-0.05261302101694696753
-0.58343886441176429081
0.37149616167453780591
-0.43149776545848017584
-0.42830397843812872960
0.31857469331993693018
-0.08618742207317675597
0.78755497736050894542
0.59080821747011325051
-0.21749684247194098208
0.25786622039294482267
0.79912124910008142109
-0.03518696092361035116
0.38255385071183301005
-0.60958406859884961548
-0.34316458555795481544
0.62589219732055478840
-0.06538284017610691834
0.34682236127586674179
-0.81298867993926493547
0.29849157267336956512
0.51480403542316588439
0.48374565846971484540
-0.58179476878601066314
0.73080912091634275818
-0.49568128263027233515
-0.25164577191164616554
-0.42421814946541902547
0.08184822933402836898
-0.32263216116217935392
0.09268455878434517237
-0.51564973944883774060
0.29738655460753965487
0.13606624309412307383
-0.14063732686676647110
-0.22164887962792281795
0.22793045216274734899
0.21491174665528658960
-0.41430466011369287971
-0.22402375844857719267
0.26215377631270808667
0.01818735673168242820
0.45610151081890909497
0.22153241926250943905
0.27280967525496818693
-0.11029439305248960046
0.42219710030466972572
0.08474737107048098406
0.75379879667839977397
0.49841403556083146986
-0.01084597607009378517
0.29528751804178676732
-0.42606397891055952654
-0.77473289190806093885
0.25843152904373278833
0.38444466907486751772
0.33312947230056816350
-0.47772636123268369390
-0.48886866810233825520
0.72086715066449147393
0.22137844436649581348
-0.35421112581433300548
-0.36413404966874612922
-0.29287724745923432446
0.52220471820798597395
0.60434033207053283743
0.04024142852715656415
0.13499512868627233653
0.01546191090663511132
0.52626042127333172438
-0.13056351231936871859
0.74953643551468807082
-0.38418345486416333179
0.22347702704613237046
-0.08078953778773037553
0.05343088913213932950
0.54963338353833435246
-0.51887737595504246357
-0.25922375747901738041
0.07192934656251623315
-0.61455308243369077825
0.25159093993216452567
0.56427319817379839595
0.00296934874087807993
-0.00952555038585751850
-0.12886798564533577527
0.21573555792688806076
0.67919344985109120216
0.43429891353605598603
0.33596730613912278995
0.00510257836121546723
0.02537855170985240175
-0.07177986339571636176
-0.27070422479038142027
-0.11380696015510215202
-0.35882296987063660998
0.40264308390617847833
0.06305135005929489445
-0.14779197658134782256
0.18856671938699279267
0.80876701710494702802
0.56277309699965882839
-0.36719984116137704966
-0.26308758620599481670
0.38422121793078378715
-0.15295704784302097123
-0.35619374468488712582
0.23857761174766611845
0.02902561783891159652
-0.45377291297382293944
-0.07517480806261554738
-0.23598806674987146681
-0.09538742363459873363
-0.63030380910993677457
0.61749526713005042922
0.04202667610019186761
0.56646678840632158636
-0.24757559104518481186
0.02471438169686742542
0.15922656418455155558
-0.39981822956371504407
1.00429991056759182477
0.42191626710351892715
0.40897427542027880998
0.35976418050246083968
0.15028367622839547413
0.12088520226838662952
-0.18368035285801273537
0.27001266190228323527
-0.80541816094151064132
0.05538386330939258639
0.17348921172544018443
0.19997580778860279960
0.19658178537240969530
-0.23380883550628261958
0.13435165627298678581
0.11906654762207113940
-1.03717236086603747935
-0.71946167242849445866
0.01786184465887610470
-0.33869490586733147497
-0.92426068158052276935
-0.21066723093694253444
0.11010009582998490918
0.16445340431325236596
0.01983728019391792913
-0.07410200848532443041
-0.56885957681747656434
-0.30709938526575386586
0.85903194906004531894
0.02264407949669380860
0.18097869346511719080
0.97118168210314304023
-0.38035753164762958756
-0.88091754969462576774
0.06513076834628107881
-0.51998710703990713711
0.65736695985097148842
-0.10144663824658377294
0.38787143233500809281
-0.85425502177024237316
-0.37698226823884412040
0.23926962395527709426
0.67554728061358726432
-0.14246455471251193159
0.27030054040666046111
-0.81104477944730046790
-0.09186233865538376286
0.64573674266225855600
-0.04577860879099950042
-0.37109421500222955492
0.16812841093831770722
-0.21401841193038309563
0.07507983907359631892
0.26905460239647882581
0.59266387418263788422
0.40629881079451007908
-0.04477994818526984805
0.08704628864302754732
0.28552156818744017786
0.10829665691741273414
-0.30813727475831709235
-0.20863728166514705631
-0.54151958335795413735
-0.50345473850679289818
-0.21420355050183059742
-0.25859207002058420821
0.35697416019176814173
0.02672727034600265103
0.97207370660334457835
-0.45336031932461445804
0.21554482051417236943
-0.09517126066277883933
0.10631983120630328354
-0.36592388783670676267
0.13995138587558814125
0.61065301763740464924
0.28310292172199430505
0.48303942757631662674
-0.11895755076410925721
-0.93500040428933839376
0.01475408119240993916
-0.53738912883213585392
-0.24687887603583300034
0.43576720796177298434
-0.57843117308308988900
-0.75687628882431257082
-0.21004129730255394204
-0.17119710432202983608
-0.17520213021924460617
0.13583381936287486358
-0.41010657104980569043
-0.48056832529803877874
0.38119331120984850658
-0.69793922994627777268
-0.28465580271299634196
-0.12760493510444934073
-0.10343727440548380891
0.11971788482960121769
-0.12748253801671932672
-0.31225919362262988255
0.00407181007564109618
0.26474474938266295831
0.19135104384854711990
-0.24277822865492509896
-0.41802020523487265491
-0.26998248608376901325
-0.04103888758070105974
-0.76940675847368700246
-0.36587443364084543118
-0.18696260917319826311
0.50401026030384787902
-0.04690105950190931461
-0.20299656269575411249
0.02888108035059168410
0.33560037899036015974
0.61336950795424971528
0.23646665086654322652
0.38568901533643645818
-0.32698806933507940098
0.29482167429221128874
0.64684083081192345066
-0.19393098045854487155
-0.65840502148416946149
-0.11729062540621103261
-0.22757598354227950854
0.04019778872555320598
0.02607017355725769689
-0.24969464688524045659
0.09493784257924772763
-0.02951759290157666277
0.16857913780135808102
0.22693869267658672850
0.43083030149603868120
-0.03211579538796639766
-1.12717168451801930118
-0.29873027243992833490
-0.55053758602696856173
-0.01414122373401649826
-0.98670236388865206756
-0.60938666946205433117
0.03106248686008752924
-0.11598343020493191713
-0.24818010776328880418
0.23626401713670794336
0.05869201141415239520
0.46022188759384591306
-0.12326041824366554267
-0.11705857196192250014
0.19946954040863490443
-0.52401711234347925217
-0.08691462827006490866
0.25128665393377130899
0.40590331734417917087
-0.52792189628017627268
-0.31659320466269758043
-0.59942627554780369969
-0.17067982718094396044
0.17553799500382930021
0.11038321019306893134
-0.65348525222459019623
0.03464516638921294467
-0.07170460761690650164
0.88149497974239054976
-0.60085740182873381698
-0.25866384666958286420
0.65460356186763379860
0.14566388023954299213
0.91565542218468343183
0.36796022991598381635
0.41540188484001194791
0.24057618796796589877
-0.58823012284892506329
-0.21432696905680648225
0.17386419000672462265
-0.12404240845851603747
0.37628136839635051292
0.22825238354100577109
-0.10092593923410050905
-0.20799965901654754452
-0.21908141787962523428
0.35527598546516608868
0.20303751288284094256
-0.21475034837964038226
-0.54365482352833827129
-0.07847742466288708252
0.16755242293995609160
0.73424941445895697267
0.63722857153615497516
0.13330763248360344431
-0.11789978597285022399
0.54353011498102032917
0.28878179603328485436
-0.25265424290709731503
0.03940776186539975828
-0.33298956023659775916
0.67707850150729786964
0.58068397356114254126
0.14983951786660898442
0.35074422485725798015
-0.16932139649066116349
-0.12943776452202213068
0.61547250734229219660
-0.30595810451007376951
-0.78694727476230574847
-0.58648925954135011640
-0.72641527730586197276
0.25370187691486456583
-0.43030210179523831204
-0.24915051758472717136
-0.80701889208252708396
0.21661068567376734473
0.19993506773945216026
-0.06938913240789641723
0.27317969154998650305
-0.64795547160313116120
-0.67660626763589637456
-0.43092359882067859944
0.07950708298634780180
-0.14815848402218109725
-0.47541348355804363690
0.35473429781638693425
0.18231305165257907785
-0.16359891277487623173
-0.18757359582184221503
0.27014356312047349551
0.45742263582423320356
-0.20614385995311723665
0.21307990624342376673
-0.09138274230493943773
-0.17993879257197556432
0.41323854575677743117
0.34861699353030706217
-0.28186297639691554329
-0.50105481627510239928
-0.32290267314089216022
-0.24790566181904044596
0.09846427801173333882
-0.12368893448857250228
-0.20273575804752855256
0.05559259170932988325
-0.56617482531380669553
-0.22659735518057033676
-0.27309803343805216791
0.44873483162047300699
0.63435439537929882992
0.44852428982527292600
-0.58262362199498551885
-0.02056667666502240421
-0.14418604868317611012
0.03886644464034840624
0.12830737429645092118
-0.63822387716086881326
-0.31688660431906490178
0.29584708341045778957
0.27091066355959936285
0.05542412034337792365
0.44352954147316903111
0.57857692028956109187
-0.28930135325806966007
-0.50071030795800797186
-0.00922225182278254077
0.50349964738330388325
0.90873927063825077344
0.55615917844816298299
-0.42420889849119230997
-0.12579304346187511476
-0.04999406351018970129
-0.07139208676724455305
0.23255863334561288625
0.49048568462631220166
-0.06296828688841850374
0.53731097394708571269
0.00796548114921132901
0.21617223941374877350
0.11601954322106181050
-0.25508805795791938964
0.14280004474667298831
0.14055156621306319487
-0.30179384472752046609
-0.29314460449895618499
-0.47127100671678273658
-0.51080507818995113389
0.60730238304186234810
0.04257348583811351034
-0.92798552848940540905
0.25698062874759669549
-0.54585877255798087582
-0.47430019785618476869
0.23178065136274125790
-0.66083147777379636079
-0.59607241943867816936
-0.50676816073893604653
-0.17586926795014451441
0.37126455065517222076
0.72811921791504996548
0.08341758467443190217
-0.20485020540658019361
0.29438910080761110377
-0.16498623320355865207
0.32902561738301316918
-0.94530567567384038430
-0.26036491843955594794
-0.01789841817504757987
-0.02367020319996126360
0.20532996188805716087
0.01671311647478874313
0.32105586410343561754
-0.16548526029271215521
-0.94264953031088605240
-0.47390010438681595684
0.34638976424539247301
-0.15092819873995441671
0.60582631861280489272
0.32981049909794968311
0.70839942761147300931
-0.46181467435388146026
-0.11315914494494506981
-0.00341043503759017779
0.62354631525277026682
-0.31679677508880021986
-0.54648508595144851263
-0.18634462080459562872
-0.29029098826187654803
-0.30182052744684101375
0.28310986387099962291
0.16931362434238991788
0.26926566060458445584
-0.02258470106785048781
-0.29788509475606989030
-0.56505713020611691988
0.15429985819238345446
-0.16844017241296588283
-0.32623087800763228561
-0.22350504550028008066
-0.01898351691907418023
-0.63127299940396042199
-0.53237371647336284575
0.08169663014758107855
0.38435968304078144131
0.21342701292280946701
-0.05077214854970318880
0.11107325126351662303
-0.10339008819247920423
0.10627340703005856704
0.24778727446782095045
0.59657830112335163975
0.46867494666587422580
-0.04006453407607493689
0.05498627105521066566
-0.05834886889489700884
-0.03084852424238473598
0.21578129106220453326
-0.18583189397524871311
0.24226931824834629925
-0.65145534311960684448
0.20740817273313233438
0.66200399602626092133
-0.30809327940189784600
-0.55984619765293874849
0.49438771963371397344
0.19334481391729310684
-0.01834887964262549992
0.22082943347003700096
-0.08545010402908292946
0.47971998801825177505
0.07748941208639394118
0.87286850587496778164
0.00257885551344521442
0.60230753121022950758
-0.00453763441603463949
-0.55597051807818387292
-0.07477058094248729969
0.47856596529114309169
0.20491941615997255610
-0.47055641472407333525
-0.03598277716724281733
0.53488946943503556941
0.67762886736380667507
-0.58894630938924663610
0.40577590694573162367
0.41035760469497972736
-0.01328510805654683005
-0.40487660411577280906
0.60584474256967990602
0.34021004054486753132
-0.11090086889902273093
-0.47068613644818274588
0.00143768243724754917
-0.87640491689833333044
0.16341916155709243497
0.30740347885502494751
0.15648494678933341784
-0.16985845908246585689
-0.30562196789146645060
0.00803442520928665874
-0.66354513281700922001
-0.46592728223985357960
-0.18627758509201833292
0.22152975737281721536
0.29885652811368762505
0.21957182719898310497
0.21109476097249604831
0.54640139032955425957
0.12717627594938249458
-0.08132233547607742308
-0.42876690034785308603
0.32356088759079770778
0.60814583656469123341
-0.93207065708391201309
-0.50418166371405415127
0.37105421136211452771
-0.45098976395158585362
-0.55650719136976467549
-0.13158204174268986475
0.55118894382702277035
-0.18711093595682512514
0.54544452015571676107
0.57813044392525148041
-0.32579401977920607880
0.04949096114142113867
0.50976655077491017654
-0.38019180584098999365
0.56881648226418890513
-0.09122183826857316324
0.47761098293438319917
0.09062312079963460998
-0.39120823449154179530
0.77114722357021148191
-0.73410666220291609374
-0.16402140078040899906
-0.55887026291847019532
0.26199691197372176887
-0.20852030993469425346
0.30922473196796873562
0.99717522955132986695
-0.31225510480523993584
0.36050420427273455193
0.18448271906921920316
0.38208829884094075435
-0.17983771762657257964
0.06080091081130593184
0.06481521845364028589
-0.06346736071947431390
-0.18622037857953321893
0.05645291403773067263
0.69867638323373448817
0.60574201305859531885
0.25811487527893989258
0.02729933071574610834
-0.19370306080945939864
0.08548984876854494319
0.16589546112753042473
-0.30391117510017251480
-0.05023062851060744460
-0.35897562081752792951
-0.18244339858695102219
0.18634942685755803704
-0.64214215440606847718
-0.01402768895294531463
0.77722014661411831238
0.63803118993767082845
0.15152763183822723358
-0.34742427038612544443
0.08911911049020444786
-0.00539410403699571665
-0.21554587749881876091
-0.25058887914585054046
-0.06786301288080559546
0.48210926093865441588
0.13386957480302724699
0.00183605743918255370
0.42588116664313646620
-0.28917608304907577166
0.13813535688791178657
-0.61562569441441872264
0.47395616170165671965
0.53303194529764286180
0.78711305706918854863
0.35838726649859714568
0.37488548528300225104
-0.51280753509971743753
0.24171486403912001428
-0.28619307047788233866
-0.02126814955024150175
0.44786782716349021749
-0.23306766467515302454
-0.01989630327591524264
-0.05963137231230739715
-0.89540636059138456471
0.08216234467598385049
0.01047483713147174395
0.58237218675321444916
0.49667808841003968645
-0.18415245689579601285
0.09498856400988160698
-0.73835364549787096955
-0.37278388874058343561
0.24451745974980568232
-0.10954760012785784429
0.30257149337278166357
0.01579202714220051887
-0.27060668507875201838
-0.21730510266846020384
-0.80776421891557448340
0.42265808980376134985
0.12567475460654847774
-0.43271215190103667902
-0.25925558080610161538
-0.67267053547529553903
0.09396337472554308623
0.07671158235882256926
-0.22233475963876181414
0.05046382700364455270
-0.15567982636417818099
0.70963686173714102257
0.09357321284573492937
-0.56834853600291757036
0.01500385351219124357
-0.03689483020304064331
-0.13236341574617099814
0.66021881315470509755
-0.50060606406296404014
0.60185857073425363950
-0.15504402566248423612
0.30490952003017568472
-0.41189966218546786303
0.14806090847662675691
-0.91051828081136532145
0.09654177981325738622
0.52313335366560398398
0.90093670038530904165
-0.30120648117657855547
-0.53074292729003380575
-0.25423122240048728893
-0.42557721045593777109
0.10237875183241333665
-0.34562205213217317423
0.10766741427552765920
-0.15858756306046364881
0.00140187499275809080
0.03970624896422308286
0.79859556772247586309
-0.29846887459138166099
-0.16956962862858585006
0.30036037796687742318
0.76496255974872529038
-0.03565379404531093116
0.32550670054454539093
0.08485071903817358041
-0.16546962597114039939
-0.17841714214618159540
-0.12160814440367075095
0.36150885165091128925
-0.31525096965398574644
0.12591081435200676686
0.15883095776310784952
0.24663987510618082255
-0.17498112571237467439
0.02247551319003705805
0.50086782873195834220
-0.55163876752593854480
0.66455434132611457265
0.20766743629609935029
0.14642914687502595061
0.46499575355520428310
0.33263334139552913626
0.24642836503152648620
-0.20737374863432322947
-0.24678419968362030890
0.01431791352883075678
-0.08585322317731276798
0.70835762855626405177
0.04514114776773092697
0.32647323798399019434
-0.08757495554845631802
0.05968262376891320109
-0.39973139714599748018
-1.13639699965885543342
0.67020650590586494655
-0.16471614300659442875
-0.05647286174813823112
0.45023654714135563637
0.13085916419845439185
-0.22137968176086925132
-1.03253043362936458571
0.12489239801831597543
-0.14559791919092865409
-0.06951196536001491566
0.80529786221117183320
-0.61610508679281650313
0.17244989969474394664
0.35253235476137262383
0.23082213489477904078
-0.43535335699111205043
-0.20638015225402034369
-0.04664327646285561235
-0.32996514053129694100
-0.63359708263711378429
0.98798054307807414709
-0.10635430564304007572
-0.08040155311264431115
0.09575619026841311610
-0.08274347992806917185
0.62171366638822622708
0.42477911735862189380
-0.41943622321415935383
-0.04760231004124355209
-0.08827187111886911075
0.17636156681033146598
0.06994909455298531364
0.20595487560875552768
-0.14208711879432525671
0.39006632755291442693
0.32947279143392116385
0.21962601068455939179
-0.54427670558236607157
-0.79421763840069004026
-0.30719076784146298609
-0.41691091317749762180
-0.49947685306224187674
0.61117506404249433150
-0.45348084911004399311
0.60216234054998774017
0.24981146801357054232
-0.30759948253905899929
-0.31044396067375928938
0.44018247068598581606
-0.05701936795324701740
-0.69374353763796603456
0.11500359379302027563
-0.29508834980705223039
-0.36386531583173908899
0.22071883650511431307
-0.35849701508181264220
0.33983835432202341709
0.11210812426707564282
0.04057545241181355344
0.82250137654485955263
0.70011605466070636616
-0.08021869011033606889
-0.78058097940644488588
-0.43160929273311471333
0.01349300384634418565
-0.36534342546475079283
0.03340858454062889393
-0.29373882371574022709
-0.23856688697802505561
0.35464736911140731790
-0.51403400382008257452
0.43244927150770196000
0.96671916851677119897
-0.00231902270373881116
-0.11532876241157540009
0.03294136166797673182
-0.06512617054836007668
-1.00235368021819759576
0.61836142740595567702
-0.74960179945399585399
-0.05840702644983920833
-0.01140850153043357525
-0.62600260696906717683
-0.23727928684842145013
0.27206828906464958218
-0.33995926302768114668
-0.04465944397792558085
-0.29794137762945371861
-0.90861724654482833863
-0.06244581845393987890
-0.02969451239735424949
-0.50202255803930340150
0.09654841415369273816
0.16863350435038382269
-0.30737694054095693330
-0.61600630562615654728
0.02190740693236059231
0.18798105898278666404
0.89130278415664698777
-0.56892306562538597081
0.71115361275683464104
0.20389756064757033616
0.38576551072341125348
0.66198668853113240562
0.17054620480231336144
1.33142293406561607050
0.04680158007952849725
0.51453649999123673986
-0.31070115524656871653
0.30434755956983761127
0.33680992798032005631
-0.16992205028634732589
0.02689970134479449312
0.40604013860710164163
0.20557910453497660330
0.29567394056140705594
-0.02867631342398191049
-0.30947287189097788529
-0.25395989781457106726
-0.02449872047868253966
0.91027665523628475963
0.50675999344181343886
0.03064106829232488699
-0.46762668737915513706
0.67063431480621216174
0.04941820878623154334
-0.21762004631971326729
0.79886426201620863718
-0.91858897109741799447
-0.30992082592565201038
-0.13545002599958749778
0.09155000398232847336
0.01845846623728519126
-1.13642420782677766589
-0.22521265872060197699
0.06604838979301753954
-0.47286761040639480047
-0.70376665481086198017
-0.71092912265911056835
-0.47239103892806844076
0.07898791355822978866
0.51956920284749108507
-0.47693350480100948907
-0.36644929447373636444
0.59956687892535498463
-0.72755625974603710393
0.67575396746773697121
-0.20335857329638459823
0.49907196401356646032
-0.19719733022223209784
-0.13154697635960935220
-0.79722404499989263371
0.35139591387295715519
-0.07781779220857597268
-0.33632222468206679489
0.66347471671464819387
-0.27080255017684384811
0.35382403385729954692
0.53897028944688574192
-1.15555091591099490245
0.04926101449553014350
0.26849901139139920048
-0.78131102301699828505
0.24381066765259501450
-0.35330178087930985686
0.25619452431830691541
-0.39493706039195702884
-0.00194320435697337645
0.24056599161177974477
-0.29433382188550094583
0.60653649798580755448
-0.23037633205116037072
-0.89932121406993703605
0.05707610952553131278
-0.31366741111354284888
0.29403133177870910409
-0.32906848975281655090
0.28550775810165163193
-0.17339053560884765126
0.31847870086583951466
-0.53675589286381886200
-0.47824712992071499729
0.36059447769079616686
-0.43688261831784769296
-0.09729374981952995660
-0.03678900362404078500
-0.08054979663445736848
0.25300150385733111147
0.99022383463209162624
-0.00073407500466715256
0.24155131616069952516
0.08574147361091261077
-0.32396249944705163282
0.08304453412234698295
0.03920433259211638516
0.86624659870380604776
0.03960691300354868272
0.50094714279572083448
0.06872445375711022653
-0.46029606051102095465
0.08974258096959558673
0.39848935180583483495
-0.38369869253200489245
-0.66091019079231838607
-0.91089468702278675316
-0.62354987489697211167
0.28469218550786118405
-0.20880767178040127163
0.20067689005823996506
0.38717315420270098647
0.28024035816846071256
-0.70325573421705045440
0.27031603055354203047
-0.79296576745434754763
0.13879596605158850409
-0.03735545150909785894
0.22742405529413725618
0.03552716752380623982
-0.70513100423419117213
-0.39449816055856290475
0.52570913431040855457
0.18868946417183318776
1.03997761077555872511
-0.63326275780580743024
-0.16279978291927568734
-0.16265442208344244035
0.64793753371508300276
0.12139184490659674087
-0.12659292368428187725
-0.61698795648508153455
-0.53797625359193168570
0.58792226216131948657
-0.54147289713965318647
0.07109468367046510584
-0.86902761255606020274
-0.54306361546978076937
-0.40994853362682753817
0.26041530602717805065
0.01552144752723407482
0.11091614042874235746
-0.03040709185096362316
0.63957289799500072203
-0.61269692446589585355
0.30066812859879082920
0.16579568687245457848
0.14373168728510063441
0.35155696788890056226
0.60831202638521220116
-0.24532797340780174156
-0.22328371508698252601
-0.57011945940588437676
-0.39645135043366619421
0.16667966236835599081
0.06950224626117250393
0.33898547115758836945
-0.45209920697667232981
-0.19620908930765482148
-0.17124073540600220911
0.50880732254973892736
-0.51646833594364294218
-0.83042278961902815659
-0.44786602533202984899
-0.00523283777640518206
-0.65465205149708693977
-0.08761304992398614988
0.12549334923291893817
-0.22562547534503316071
0.01688596816901425518
0.26656670141598409751
0.12981568897234779802
0.69688935330903900578
-0.38663576734650839661
-0.39411060470899855757
-0.24870892601108582354
0.05652455539015491248
-0.56848253326664233143
-0.14685320316528432949
-0.01083534890811856284
-0.15873993951665124613
-0.62155374877082358864
-0.08619459241810953354
-0.40999195787867220853
0.11401988565132120668
0.76275148069745057899
-0.19023325576346061805
0.09564636130905332378
-0.09706671709216631305
-0.11545564506947515737
0.02666645154837246970
-0.33688168297088127989
0.48096807282276432538
0.53502222129920429250
-0.71421409563071391879
0.34737118129726535232
0.19951235317899140842
0.03838162355688385513
-0.28476062486119596562
-1.07235059222307538285
-0.39076973981695306559
-0.00660882319275438949
0.60898021573710026111
-0.14585167277077090708
-0.36660961203642489226
-0.22368765523859909794
0.03499867256679327354
-0.38287567495259550165
-0.14365090567015659229
0.25969854146403381634
0.18721656753061241552
0.66838483266833736973
-0.40239123133127663312
0.58464109138314424019
-0.88684137845710331316
0.29214641057357604303
-0.15482772435551586665
-0.95685376883193362652
0.11615716271239363844
-0.95981534014482083883
-0.36545989511857895904
-0.14470628080177555530
0.16955531358831010813
-0.70639859309932440112
-0.29018043909213969700
-0.45461155514166318170
-0.46540515141440946811
1.06479039229560279445
-0.30003453864887258407
0.14767576238830135149
0.13435152073614436974
0.06770146602947993419
-0.45072557170888738476
0.35404486772577320464
-0.83520016155338983044
0.36030839796162128508
-0.20640701792458887587
0.02702064672437540921
0.04561479182280884365
0.39987783546042166005
-0.43271990466355486626
-0.28777545518300817751
-0.33603407002890001154
0.21365996017273150565
0.02791247108915823755
-0.18422976994996029254
0.50565240995059357321
-0.17061369653964303383
-0.74914258378601394917
-0.47785028196132528500
-0.03232897392125980846
-0.11011817982751878620
-0.36677957501255936679
-0.11309463709639769324
0.40248006209200215544
-0.85446745151687986120
-0.45991651498144603405
0.49062653156980512437
-0.08124973209030059151
0.17403744395891712626
-0.21293096711773462637
0.11399781500767518228
-0.18178225283061996698
0.45074446458362282808
-0.04189004551039694768
-1.08325033402048886977
-0.16878740780950476918
-0.11915465752986811876
-0.86695922372247025134
0.02136896164991775732
0.00634752025738140237
-0.06900006428109120571
-0.48079517871828403308
0.01193651514356628210
-0.20997942895755888904
0.18582270500471975705
0.62435996935362536586
-0.19227187075273394212
-0.83967368564232014450
0.64146470822241685728
0.01018212495826560475
0.50629883474505743557
0.03890770252681102770
0.19888365168227856161
-0.14564114888436574535
-0.74675896388394247261
-0.57775906743139016086
-0.04179444720495834736
-0.17493909786688510710
0.24289725017177837829
-0.26022185558864957544
-0.20497901049190361822
-0.99005281010310342005
0.49577418030294839735
0.09672465819238179607
-0.40076818013621401393
-0.29917542272404273884
-0.04793133354813856190
-0.30754596412600088140
0.60842438946418120338
-0.47900797687296242655
0.84605906834272526229
0.10788426567824584146
0.64812250948138572237
-0.25725886551753435194
-0.45500849126600306782
-0.16495160079647633311
0.05015043628285529437
-0.54141738866221966742
0.22641728707506417195
-0.15875726286453922809
0.37890279287899147898
1.20453982082487431882
-0.48491672572865351931
0.34258765938316537714
-0.61422576715525045721
-0.43853341939639489677
0.38442595126231926539
0.49292472111436436144
-0.12277911374002767331
-0.59796429498374825684
0.53039029325588549213
-0.40674457606846270430
-0.47726358746560326729
-0.32496552636067921327
0.39171467781626806426
-0.45834617677321731755
-0.12481853857320138190
0.18085025913317784307
0.05942601762104752355
-0.70077441628917958028
0.32585783913379678944
-0.54750137645795327046
-0.74770580362106309202
0.23963076297762386790
0.04138611348286017760
0.27946345470504552200
0.13466752186328770358
0.33202062972942031349
-0.12524912599308354877
-0.19262671317081203615
-0.16983470067959277605
-0.23180365742439523746
-0.06593199564506214971
0.44006210511588089718
-0.78855008389982916839
-0.53717228138377104418
-0.30096158270014744529
-0.31823721188141146365
-0.26587220242984060947
-0.43133037453136247041
0.21132455055425436452
-0.13742197461014457605
0.53068855158186911680
0.01189763247222497267
-0.58763659145891766755
-0.16623958263436502958
0.10649137575705260039
0.17318697605890456814
0.40186338795240050814
-0.18356841664753861809
0.14594542850946334855
0.28869827876495557373
0.44716651785648092732
0.02783375748578826789
-0.07314622161147528445
0.85183767128077980679
0.13215350326769437217
-0.06445586875254720460
0.71909558888289826228
-1.13759214307768075081
-0.13608405343001231391
0.73737325103080475497
0.38928506258880535285
0.04891094146879874927
-0.34503789375032506426
-0.28286656246424118910
0.37180749747359675972
-0.19539282019833689730
-0.37088048642430676560
-0.13335901640603034513
0.07853693258171182134
0.20726461110849331293
0.11500932436341061715
0.35924971922300402705
0.46822935349173694375
-0.26400125148099407024
0.16225604007374258564
0.09421474571943583287
0.39321331907375128845
0.45425448217429803544
0.71676751472403288368
0.20730106086828095635
-0.51142413953879817257
-0.30610559443401608171
-0.35251750757442223971
-0.00779573480985183524
-0.08924234708502555569
0.07400127014643008427
0.78823894772938241093
0.63543123535246481826
0.09131268368442162220
0.54409401210630725654
0.18984862050972492464
-0.16134251146176192826
-0.08284500938318829777
0.46628488985249200161
0.44147609070590637659
-0.03874629276471094202
-0.22285191492603195762
1.25838385049392909032
0.41871438901120072718
-0.10123048158155578680
-0.36874520972360030902
0.37273116566220404478
-0.27878420830728445345
-0.09723422330117782730
0.83611021566819054840
-0.09474536070870212545
0.27893762440546110426
0.56396142709850927144
-0.19939713052374236080
-0.74249241199289017779
-0.22885769960823046376
0.10201473359983644074
-0.51265594728731533891
-0.63344522718670670525
0.18362937463705164554
0.06993343180404272552
0.06255627421973931901
0.09075817849769521328
0.27148021128943805591
0.25537253750581645484
0.20064077996512277857
0.28359779535132956241
0.21015963395508005518
0.11979039129035842781
-0.33211071633161182159
0.48692891353978146052
0.52242844557336132194
0.54693737448308887839
-0.00078779826000396067
0.05563913728481578724
0.57131827086011721661
0.19533674080866289535
-0.22241515216160179236
-0.07674625969388960967
0.25437438550749352784
0.76668536621187655111
0.12849492882188831566
0.41422717042896800566
0.93343745903881736314
0.07901896015738306411
0.31644990605074635459
0.42471586544306100253
-1.17281430995474611478
-1.07464360595963426270
-0.38778707082354813007
-0.35695634056417424596
-0.31221416770436788424
0.02456737731591578100
-0.66728602989592133987
-0.39231657733038233227
-0.19657464763363463600
0.82061388383578881545
-0.19503887074733955442
0.33305767392010232619
0.10066728060162309644
-0.68430621537928226772
0.28320290338488463000
-0.21909229094710830354
0.28048722441503853853
0.48144447162296888365
0.00182492133552801051
0.33531719795217751479
0.36415104366879613718
0.33657861977779501839
-0.23906469076448325084
-0.34830744519324130515
-0.15306970970449990110
-0.15862242722551631036
-0.44200013613755628761
-0.65811849505871999888
-0.66101040676347944114
0.90425617248115652824
-0.07971222481724295206
-0.38471422988246872787
-1.06591744136399002585
0.62108947968938954531
0.58290585065410416288
-0.40310627653976432994
-0.67759112842949675848
0.33975233141503680123
0.02674348125242751242
0.43773662305245208959
0.10131362670349085275
0.45914138024751016687
0.01349688272452401888
-0.00824519691485340114
-0.09633827126266671093
-0.49834346268030677019
-0.09158637789305333621
0.61523125973141201683
-0.05649687982885265997
-0.10231550795541041743
0.19183322597382584940
0.18704845912092424309
0.37253005717505632832
-0.02599950698250532571
0.11451305418505321188
0.34254939877882950583
-0.05754151570801616794
-0.11345972982114573002
-0.27080328419372351467
0.35461799113809322481
0.07821269770337034577
-0.42046672724937761423
0.11258665350582956755
0.43248860059507165943
0.62507537844399452265
0.12174482677004230813
-0.20578491256658643094
0.16723880450913633511
-0.01130772419517247877
0.19848076073441772715
0.23926696799638971780
0.28392446182024583257
-0.16840106982288705062
0.58187615447981155814
0.10962679355737547926
0.20109449485095517995
-0.18395659009489304103
0.49212409689592001572
-0.29699961976570149469
-0.45027852770057152920
0.19112240599605545555
0.57178557377212257951
-0.33247481055448868670
0.61366184340807439224
-0.17715932576363693784
0.15407265711838882827
0.15890152531220344545
0.15282661577879477766
0.19048513755063870012
-0.00890685387961540238
0.01044471424903174739
-0.08972791328319922044
0.22342857074378552618
-0.09413024667323660610
0.27738216263662873740
0.48406190922963304724
0.42033945328943606023
0.00864043706650517718
0.75168404637692853854
0.13451504471884345726
0.07712896954848159903
0.31051672240658795277
0.05235760480007477929
0.33523791705522809625
0.47552360483232847255
-0.28890939840297807928
-0.21173038091837706465
0.39940584146792373899
0.37436618225638612634
-0.08911347543996028797
-0.32642851711284298633
-0.19361353701647010528
0.31305334604468981752
0.54750564625688580289
0.16805829123859794549
0.45215512769617999256
-0.32134138803026046638
0.71877813106963428513
0.31394874410032019840
-0.13715280691980247241
0.40548087806975796621
-0.11003585856627305650
0.38534939983576216305
-0.25521824799643594295
0.61251617275666114804
-0.11618800384845003049
0.38746685004670172736
-0.25305359349069150854
0.41156117805317737890
-0.34921071036330403325
0.15753748008166038042
0.24360745125897495522
0.50245438912253237440
0.31142713835002167055
0.03600285955969659973
-0.75006874721337468692
1.05556261727747946466
