2.632953
2.328108
-0.673352
-0.024748
0.814287
-2.959113
-2.589712
-2.938116
2.261625
-2.102662
-1.755993
-0.536696
-1.123898
-0.282477
-1.470470
0.500238
1.083138
0.592247
1.651180
0.045320
2.974925
-2.277435
3.081841
-0.752401
1.338734
-0.616378
-2.491405
0.610969
2.019812
0.079697
-2.300770
-2.130293
1.900794
-1.756531
-0.339731
-0.723895
3.118411
2.295247
-0.650300
-0.779200
2.351762
2.513565
2.983093
1.984368
1.096095
2.393133
-2.397127
-2.755137
-0.788285
2.529248
0.396408
1.125350
2.166335
-0.923586
1.757980
-1.172946
2.575636
-1.139945
2.289031
2.990225
-2.837422
2.663477
0.184235
-0.677158
-1.609289
-1.022367
-0.713937
1.654431
0.708426
0.014843
2.281399
2.266462
0.093838
-0.516760
-0.727719
0.000662
-2.971967
-0.395082
-0.182833
2.704947
-2.796242
0.884704
3.082996
0.735742
1.434079
-1.293189
-1.177420
-2.775211
-2.492208
1.895853
0.182658
-0.740048
-2.810701
2.875354
2.316484
1.754376
3.083504
2.243058
0.603020
2.258987
-2.423780
-1.780507
1.061335
2.121005
-2.163138
2.659488
-2.385427
0.258353
-2.401875
-1.396421
1.122820
-1.294911
0.184389
-2.880146
-3.134292
2.402489
-2.203429
-1.989490
-2.879659
-0.072965
-1.879242
-1.941245
-2.946456
-2.165737
0.901010
-0.734596
-1.201235
2.130720
0.838230
0.281963
0.477832
-3.007700
1.160050
2.257823
-0.256980
-0.835543
-1.302476
-1.268658
-2.902336
-2.510818
-0.965572
2.524521
0.304985
-0.144812
3.013961
0.438559
0.545196
-1.412862
-1.520625
-3.058758
2.181684
1.476308
1.966544
-1.531317
1.932280
2.961746
3.121347
1.722062
-0.141363
2.354946
2.269385
-0.651434
1.914772
-0.386666
1.307407
2.575092
-2.257712
-0.859707
-0.272457
2.439599
-0.462145
0.971937
-0.078592
2.935251
0.195099
-2.097630
2.776204
0.209149
1.966875
-2.852010
-2.985692
3.052454
1.272516
0.550243
-0.706156
2.942133
0.983010
1.298019
-1.019492
-2.663460
-1.529995
1.455676
0.868189
0.334144
-2.177950
-2.489560
2.967281
1.703890
-2.612698
-1.238981
0.561560
3.111071
-0.000432
-0.471468
2.496022
-1.903556
-2.632608
1.829585
-0.486560
-1.791563
-0.720931
2.767826
0.585121
0.679569
0.390211
1.239026
1.350743
-1.785494
-1.916821
-2.614170
0.445647
-1.725282
2.888327
-1.945317
-1.694818
-0.566132
0.989984
-1.047296
3.090053
-0.818660
0.100921
1.842453
1.856750
2.791291
-0.113203
1.187982
-1.525078
-2.304581
1.104943
1.221431
2.935176
-0.886934
-1.556654
-1.964503
-3.048555
1.406557
0.015875
-1.560349
-1.560853
-1.350949
0.963094
-0.452046
-1.591126
2.855846
2.580632
-2.559624
-3.122234
2.601336
-2.099476
2.754903
0.085435
2.806759
-3.022609
1.559000
0.932519
2.073619
2.003495
2.342455
1.430488
-0.771047
2.568786
-2.934063
-1.773851
-1.806735
-2.975716
-1.962806
-2.352035
0.405224
-0.315620
2.161375
-0.700322
1.483592
-2.004474
-0.299099
0.181196
0.323478
-2.175817
-1.052524
-1.548678
2.722860
-1.003890
1.220772
-0.165794
2.684799
1.710340
-2.242193
-2.501598
1.016697
-1.309618
-0.467698
-0.622558
0.152106
0.990198
-3.023478
-2.972089
0.816595
2.737362
-2.620775
-1.686038
-1.631379
-1.390393
2.621731
1.621232
1.179053
-1.791320
2.839494
1.748818
0.325699
-2.895358
1.672699
-2.583345
-2.846905
2.698729
-1.135917
-0.950781
0.122535
-0.469280
-0.097007
0.379197
-2.615791
2.911331
1.484262
-1.938241
-0.267727
2.558934
-1.383280
1.481406
-2.983775
-0.196544
-1.727079
-1.614337
2.299942
-0.859833
1.618245
2.064084
-0.131062
0.268499
2.304010
-0.174365
-1.670836
-1.512708
0.480901
2.604637
-2.362569
-2.194015
2.209242
-2.963905
-1.610778
-2.696456
0.457293
0.113933
2.010161
-2.440210
-0.144915
-0.111639
1.471433
2.979503
-0.875842
-2.417008
0.425882
-1.470397
-0.753865
2.454065
-1.307681
-0.495910
-0.367086
1.774280
-2.627229
1.557101
0.244179
1.132932
2.308952
0.031797
1.957553
-0.534155
1.920791
1.672618
1.258733
1.653894
1.209234
0.122881
1.498011
0.436412
-0.290415
-2.137633
2.880459
1.515755
-1.692484
-2.068414
-3.107279
-1.252701
1.916017
-1.708257
2.820757
2.429414
2.874258
-1.234355
-1.355854
1.372985
-2.034567
0.384012
1.853114
-0.567433
-2.608878
-3.131051
-1.664172
-2.452902
-0.900726
2.009389
1.477541
1.218590
-1.189238
1.563443
3.115640
1.538239
-1.299755
-0.879959
2.480546
0.391981
-2.564019
1.582394
-0.117063
2.162765
1.129708
0.033168
2.450822
-1.201754
1.150865
2.139964
2.191400
-2.360942
-2.369309
0.853054
-0.294220
2.075875
1.178989
2.851587
-0.828971
-0.768243
-2.640027
2.961987
1.421504
-0.098735
-0.018985
-2.036722
2.471459
-1.414846
2.945302
0.795297
0.117914
2.269521
0.901613
0.928059
-2.417507
-0.650440
1.975534
0.454735
0.573051
-0.080144
-0.866003
0.669930
1.157079
1.839448
-2.384798
2.301901
0.924140
-0.501880
0.898545
-1.695895
-1.125268
-1.849827
-1.928311
-0.019074
1.019856
3.005238
-0.632697
2.005747
-2.555572
-1.930482
2.858573
-2.271583
-2.056943
-2.953074
-1.183273
0.953953
0.781138
2.048271
-1.060260
0.885586
1.011789
-0.126768
-1.825846
0.981500
-1.516648
0.981185
1.112565
2.789514
0.272724
-2.068538
2.927617
-1.717729
2.453485
1.635832
0.567420
0.960227
-1.186865
-1.352989
-2.188467
0.449099
-3.077657
-0.537123
-1.303894
-1.339037
1.579376
-2.513520
-0.033393
1.113205
1.946645
2.327692
2.741670
1.641009
-0.383946
1.817865
0.192910
0.173138
2.255315
0.317917
-2.597286
-0.944777
-2.010157
0.425183
0.139746
-1.150654
-1.598614
-2.670383
-0.503596
-0.570186
-2.908884
0.074734
-1.915813
-2.293406
-0.926285
-0.402067
2.193925
-2.209996
-2.383053
0.760585
2.534422
1.261519
1.736763
2.468512
-2.754442
-2.764892
-0.285261
-2.954858
-1.357305
-2.766256
-2.082176
-2.262534
2.736533
-1.281939
1.991323
-0.132846
1.718771
-2.040496
-2.498464
-0.380908
0.330035
-2.762429
1.738754
2.546620
-0.644476
1.149526
2.630332
-0.703066
-0.911334
1.656488
-0.331336
2.247763
-3.110680
-0.325926
2.994400
2.070561
1.752061
-2.284696
-1.031014
-1.078793
-1.179538
-3.026533
2.157999
0.457936
2.453959
-1.384619
-0.405021
-0.627515
-1.887832
-2.670817
-3.128832
2.597676
1.652597
0.579697
-2.054162
-1.523605
1.950756
1.769687
1.473382
-1.721050
0.421785
-0.881638
0.345506
2.783580
2.947500
-3.059323
2.728456
-2.298635
-1.823697
-1.271038
-0.373772
1.076082
-0.784695
1.205922
-1.673067
-1.748720
-2.203961
0.087494
-2.798379
0.790894
0.080992
0.549481
1.124426
-2.958929
-2.034703
-0.844034
1.122738
0.347243
-1.735544
-1.786622
0.171839
-0.916289
2.031639
0.963772
0.702017
-1.629617
0.264408
0.828759
-1.090617
-0.094698
-2.573950
1.913224
0.302892
1.779348
-2.624558
1.044850
-0.445099
1.477837
1.155418
-1.130634
-0.456067
2.589981
2.080701
-2.986344
2.570979
-1.042064
-0.752765
-2.963883
1.624975
0.595116
-1.442057
2.394399
-2.038979
-2.899210
0.986768
-1.933304
-2.192893
-1.868399
2.942320
-3.113889
-2.628145
-2.187048
-1.083460
0.740730
2.227975
-0.929830
-0.917895
0.861216
1.835019
-1.780452
-1.384500
-1.376135
-2.336706
2.693106
0.152264
1.321739
0.485325
-2.133020
-0.128221
-1.833878
1.884748
3.021738
2.850494
1.604566
1.145995
3.081987
-2.177878
0.300301
-1.571225
-2.678542
2.517365
-1.825240
-2.029716
0.528731
-0.157476
-0.295309
-0.251156
1.379126
2.454351
-1.481235
-0.661053
2.034708
-2.200465
-1.668997
3.029361
-0.356370
2.824540
0.461114
-1.895014
-1.883630
-2.005690
-0.704477
-1.375863
-0.663798
0.982424
0.796388
-1.106250
-0.815109
2.109919
-3.035472
-2.709347
-2.952879
1.622824
-2.875109
-1.678234
1.880315
1.913002
0.516333
0.158142
-0.953071
1.178431
-0.039943
-0.765337
2.267487
-1.596873
-2.217650
2.030693
-0.223608
-0.975117
1.285987
2.914827
2.454873
-0.244034
-1.805674
0.770936
0.827574
1.824080
0.048902
3.116162
-0.618751
1.322918
-0.641994
1.466650
-1.436807
-2.854572
-1.555032
0.389283
2.895721
-0.609897
1.704374
1.801158
-0.510600
-1.131063
2.531360
2.953677
0.073760
0.177237
-2.174519
-2.143566
-2.432310
-2.172600
0.502539
2.305694
-2.552841
-0.957295
-0.118975
-1.686531
-1.034938
2.451588
-2.175186
-2.879397
-1.939339
0.064911
0.766110
-1.923244
2.616817
1.551350
-1.866128
3.019947
1.016958
0.554861
-3.055609
-0.951605
-1.269691
3.049448
-2.832610
2.389145
-0.227746
0.058399
-0.409440
-1.916677
2.087079
0.996243
1.867432
0.003138
-0.073548
1.813679
-2.809905
-2.685239
2.795617
1.299056
1.470633
1.784648
0.957249
1.509772
0.458948
0.162596
1.220454
2.934796
-1.014745
-1.583291
-2.478365
-1.550670
2.142218
0.437348
1.719544
1.529075
2.730766
1.058261
-3.087461
-2.402381
-2.488505
-2.763578
-1.625696
0.737559
-2.784940
-0.339056
-1.484319
1.269542
2.134565
-2.393994
2.529473
1.688587
-2.627631
-1.872423
1.587289
2.590978
2.758755
-0.089205
-2.214404
-3.124687
1.820644
-0.169189
-1.464794
2.824861
-1.615896
0.760164
-1.618762
1.535338
-3.018466
-1.349839
-2.578841
0.095094
-1.461185
0.421623
-1.999444
0.861274
0.972955
0.412574
-2.746119
-1.042162
2.006228
2.678599
-0.350152
-0.496850
-0.085029
1.106540
0.822077
0.769606
0.599278
0.726245
-1.677316
0.165373
2.324649
2.957014
1.346573
2.856073
-1.816294
0.109094
-2.510650
2.728503
-0.406220
1.378038
1.486833
-1.773944
1.469949
-2.370351
-0.047699
-0.869225
-0.240897
0.924146
-0.817687
-1.127893
2.650112
-1.203109
-0.230341
2.720737
-1.891379
2.323511
1.054174
-3.050621
1.829785
1.337290
1.931461
-0.076972
0.682679
2.878881
2.768537
2.064590
-0.049434
0.374539
2.348393
0.488842
0.445029
-0.312651
-2.219017
1.486122
0.584203
-0.362245
1.816959
-2.751841
1.819376
-0.459995
3.083769
-2.119123
0.801521
0.587670
-3.102865
-0.075317
-2.935114
2.531306
-0.034594
0.446525
-2.092395
-1.452361
1.931082
-1.810314
0.886947
2.581258
2.818390
-0.728493
0.413832
0.112706
0.948087
-1.463632
2.125563
-2.579372
0.561012
-1.861524
2.540109
2.978719
1.682770
-1.840157
2.485832
0.856907
0.189961
2.774820
-2.784407
1.359766
1.586336
0.611330
0.280681
-1.007426
-0.430730
2.794882
1.206633
1.506628
1.071447
-1.265949
-1.869304
-2.032080
-2.884729
-1.187422
1.769416
2.828823
2.238879
-1.887424
0.389849
2.776241
0.313072
-2.480568
-2.565071
1.165358
-0.004718
-2.766365
1.360538
1.318554
-2.618841
1.719777
0.883038
2.533852
-2.945352
-0.415027
-2.050969
-0.746350
0.845091
-1.075878
-2.843172
2.454818
2.118753
-2.716174
2.292590
-1.803682
0.916811
-2.581336
2.781382
0.618255
1.450555
-0.130342
-2.992727
2.034144
-2.296154
0.283765
-0.036097
2.278035
0.173061
-1.016873
-1.160163
0.817437
0.413384
-1.698132
1.436745
-0.400947
0.781312
-0.969337
-1.193283
-2.369281
2.511293
-1.665121
-0.345629
1.495946
-1.024255
1.676153
2.475079
-2.672878
-0.723207
-2.319246
-1.164539
-2.534846
-1.262697
2.316848
0.790045
-2.984386
2.231008
0.588649
1.908914
-2.189717
-0.832034
-1.771474
-1.124089
2.986965
-0.234212
-0.751838
1.780127
-1.251083
3.027299
0.218141
0.224023
2.264227
-2.627448
1.837637
-0.345850
1.531196
-0.569481
-2.610419
3.052830
-2.943482
2.114201
-0.741362
-2.624580
-0.444551
1.270980
1.665317
2.313698
2.619555
2.198772
1.781683
-0.286124
2.384469
2.490484
-2.656102
-1.630445
0.132449
1.672263
0.347821
-0.565521
-0.840994
-1.651081
2.779693
0.833148
1.067848
-1.881094
1.810897
-1.616406
0.399371
-1.631939
-0.776555
1.159441
-0.001427
2.570932
-1.979159
-2.295152
-2.657957
2.191335
-2.008634
2.427375
-1.206104
1.538886
0.112694
-1.626729
0.428612
0.250065
-1.645627
1.322851
1.547094
-2.714097
0.630086
-2.477125
-0.041608
-1.040930
-2.472720
-1.914961
-0.276430
1.565502
-2.545934
2.048141
1.833385
0.579299
0.995337
-2.904456
1.928236
0.851925
0.929850
2.101304
-2.763627
-0.513938
2.153947
-0.824282
2.420201
2.952736
-0.876395
-2.765513
-1.462700
-2.988848
-0.798845
-2.742097
-3.122166
2.820076
-2.344423
-1.522843
-1.936541
0.694234
-1.076173
1.748647
-1.492465
0.821952
1.059765
-0.327490
0.294580
-1.315951
2.949125
0.628799
1.298684
2.349128
-1.021753
-2.016749
1.037522
2.425657
-1.896254
-2.156323
-1.735529
-2.738420
3.132715
2.158394
2.207871
-3.100933
-0.614686
2.561719
0.283848
2.832176
0.518553
1.203311
1.280288
1.082263
2.481756
-2.464560
-2.777149
-0.017995
-1.648977
-0.988942
0.080378
0.896593
-2.000568
0.248410
-0.897272
3.121471
2.532039
0.661174
0.956156
0.467053
1.330874
1.701088
-0.037996
2.204951
-0.529292
0.192172
-2.097222
0.100761
-0.692592
2.743353
2.665321
1.605961
0.245145
-1.049857
0.051505
-0.350581
0.089420
-2.349445
-2.361267
2.641671
-0.845994
-0.878341
-0.770603
0.997587
-1.576661
-0.943685
2.948336
-2.768539
0.194546
0.083139
-0.819018
1.047472
-0.593545
-0.639072
-2.232702
-1.893354
1.416170
1.830133
2.985746
2.875979
-0.954241
-3.080058
1.704096
0.294270
-0.771574
-0.004948
0.338104
-2.162732
-1.509058
-2.161397
-0.207808
-1.143148
-2.764531
-1.041010
2.126708
2.061591
-1.994817
-2.855551
1.949653
-1.520912
0.519456
0.272535
0.062355
0.024628
2.370397
-1.179211
0.443236
-1.613554
-2.965180
-0.149209
-2.053132
1.173887
1.932495
-1.994086
1.617724
-0.710874
-2.109063
-1.464473
1.005125
1.118512
-1.788188
-0.751147
3.095139
1.614739
2.098173
-0.001862
2.392706
-2.784331
2.858989
0.859256
1.017266
1.257754
2.807466
-1.225366
-0.066220
-2.265186
-2.560449
-1.336234
2.993377
2.612117
-1.399033
2.338020
-1.987424
1.915939
-1.286761
0.387991
1.244214
-2.435958
-1.548603
-2.590103
-1.425858
-2.850782
-1.203595
-2.812943
1.449366
-1.332688
2.842361
-0.151055
-1.154947
-1.029598
-0.436487
-2.606409
2.873311
-1.452135
2.132907
-1.277992
0.522316
-1.933457
1.235541
-1.304761
0.441918
-2.989287
-1.464587
-0.727787
-0.625810
-0.037057
-1.610924
0.784875
-2.869611
-3.019981
3.025277
-0.793551
-2.675957
0.353753
2.301292
0.209537
-0.536020
1.909933
0.559117
-0.284792
-0.774970
3.053842
-0.499065
-3.021784
1.546843
1.528356
0.066562
2.730754
-1.389042
-0.215195
-1.695425
2.037873
0.818608
-2.262670
-2.002774
0.532359
-2.205622
-1.794689
-2.469503
0.879487
1.197893
2.078805
-1.441910
-1.533639
-2.523550
0.992266
-0.698103
-0.730910
2.999493
1.785806
-2.746807
-0.351675
-1.997329
-0.926152
-1.913095
-1.763480
-2.869401
1.919723
2.181301
-0.239646
0.107085
0.519962
2.442723
-2.280152
-1.158871
-1.598422
1.061303
-1.323545
0.225373
-0.820103
-0.937041
-1.434938
-0.168228
1.798970
-1.219544
0.186559
-1.680684
-1.810667
1.924966
2.012297
1.392680
3.001729
-1.412407
2.593598
-2.955240
1.839369
-0.555011
-3.063791
-0.290326
-1.633569
0.452162
-0.916942
1.962022
-1.226618
0.359082
3.045516
2.342370
-2.992068
0.927644
1.494279
1.756970
0.126690
0.446562
1.611772
-2.694378
-1.708371
1.164277
1.125477
0.091908
3.114471
-2.700493
-2.662240
-1.495414
0.575517
1.425698
0.156533
-2.763912
2.997024
-2.820469
1.628370
0.180556
-3.071975
0.167300
-1.085551
0.865035
-2.151278
-0.164694
-2.644338
-0.725939
-0.781769
0.942973
-0.743355
0.871192
1.352685
-1.302989
-1.172120
-2.840783
2.936125
-1.995907
2.081031
2.951189
1.972549
-0.358764
-1.904663
2.237703
-1.211860
-1.266653
-1.877655
2.076169
-0.984014
1.289968
-1.608331
0.637788
-0.289951
-0.593350
-0.274759
2.724421
-1.937865
-1.610819
1.916620
2.875178
2.162170
-0.969355
-0.294526
0.203744
2.227749
1.756641
-2.326272
-2.242417
2.701961
-2.323874
0.439868
1.929036
-2.840141
-2.259085
2.989719
2.027351
1.121490
1.500987
1.534370
-0.196907
0.373523
2.418246
2.560768
1.520728
-2.623421
2.617229
2.536634
-0.114561
-2.044049
-0.680545
1.184149
0.971123
1.373351
1.069329
1.013422
2.956946
-2.509102
1.932177
-0.476231
1.154655
0.479688
2.797649
1.732852
2.905264
2.348991
2.413987
1.875575
3.126862
0.562520
-1.728646
1.477406
-3.003627
-0.522070
0.688145
0.415507
0.245902
0.368201
-1.724015
3.064118
2.214373
-1.026257
2.367999
-1.631887
-2.195775
2.884404
2.618605
0.138356
2.542103
0.268392
-2.248799
2.793531
-1.400600
-1.469888
1.171699
0.815180
-1.244058
-0.469597
-2.812266
-2.155748
-0.031642
-0.306910
1.261804
1.199809
-1.222667
1.853843
-1.244840
2.671254
1.296548
-3.039968
0.855980
-1.521952
1.151908
0.644805
2.390614
1.032247
0.835507
-0.978528
0.762619
0.007950
-0.512458
-2.296957
-2.631735
-3.002363
2.150833
-0.247507
-1.690747
0.877527
-3.016245
2.859810
1.912806
3.081698
1.439540
1.056538
-1.441709
-3.039642
0.767622
1.174896
0.287333
-0.169553
-1.656117
2.783136
-1.921269
0.727667
-2.498032
2.007736
1.561368
-0.875731
-2.844338
-1.361752
0.498631
1.792242
2.556055
2.837645
-0.037555
-2.252990
-1.574753
1.982148
-2.232050
1.619695
-2.669730
-1.214510
1.749556
-0.168170
1.999803
-1.811954
2.447430
2.653605
-0.205120
1.745213
-0.384022
-1.930294
1.488331
-1.547830
2.546405
-2.143749
-2.799252
2.583367
2.888199
-0.723195
-0.212615
0.742686
2.286962
-0.779553
-2.681095
-0.483965
2.772256
0.874135
-0.967986
0.150043
-0.178756
-1.569463
-0.850446
-0.240079
1.752623
2.116165
-0.601624
1.467438
1.402507
-0.413592
-1.568879
-1.437355
-0.759315
-0.615075
2.993868
-0.263538
1.625775
1.976557
-1.552583
-2.071492
-1.161783
0.152648
2.903848
0.676765
-2.474258
2.339847
-2.754391
1.087735
1.480402
0.277561
-0.934868
0.300795
-2.453294
2.299640
1.179584
-0.925616
-2.968583
1.223140
-0.008975
0.081540
0.388950
-0.819498
-0.911002
0.651816
1.425423
3.079608
1.602443
0.831034
2.609399
2.006507
1.660625
1.893043
-0.459999
-1.980541
1.249642
2.770724
0.393370
2.155165
-2.224444
0.115221
-1.947910
-1.415670
-1.912353
-2.163138
-1.155369
1.645938
1.207551
-0.764279
-2.070797
0.136336
-1.654107
-0.376599
-0.275819
2.897129
-2.618961
1.332973
0.322133
0.767052
3.116972
-3.135499
-2.674189
-3.028850
0.357498
2.698075
0.723619
-0.953489
2.667823
3.109583
-0.795474
-3.087816
3.075772
1.354485
1.198121
-1.904979
1.025925
0.085330
-0.141538
2.411217
-2.315172
2.591535
-0.733084
1.526396
-1.587580
-1.252639
-0.561922
2.081669
0.067089
0.844311
-2.814186
-0.446016
-0.441836
-1.042729
-2.360990
0.056228
1.103102
-1.932044
1.679048
0.250829
-0.441872
-1.584838
-0.038109
1.121864
1.784106
-2.105708
2.605093
3.049219
-2.471961
-0.617352
2.367414
1.626895
-1.485220
2.154076
-0.742590
1.142519
-1.863305
-0.489132
2.648536
2.019052
2.454354
2.624905
-0.564070
2.821788
-1.578705
0.224401
-2.409617
-1.307092
-0.622571
0.982493
-2.742416
1.922414
0.836958
-0.372809
-1.284780
-0.597229
1.736231
3.086479
-2.131636
0.933867
2.642763
0.921701
1.967359
-1.781268
-1.894650
-1.731370
-1.870781
-1.833341
2.030309
2.561709
2.666907
-0.784881
-1.274375
1.399757
2.358506
-2.600427
-1.296367
-1.645938
-1.127200
0.037993
-1.164794
-2.781693
-2.541820
2.153037
-3.021440
-2.837765
2.555859
-1.823750
-1.058699
-2.304900
1.090130
1.861877
0.277400
-2.726719
-1.670116
1.389343
-0.761221
2.595214
-0.878985
1.310780
3.090737
1.596404
-0.900785
-0.466286
2.870119
-2.301888
-0.819081
2.670210
2.634674
-1.335413
2.111164
-1.821802
2.557434
1.338515
-1.675589
2.261945
-1.163784
1.607347
-1.160656
0.369422
-0.733248
-2.416012
2.692464
2.398663
2.665849
0.531640
-0.537074
1.515378
-1.985922
2.784404
-2.427985
0.890241
0.597420
1.245078
-0.175703
-0.207999
1.060599
0.942474
-1.826505
1.916026
-0.948863
-0.458810
-0.115603
2.815875
2.136062
-0.096463
2.638032
-1.412782
-2.022597
-1.713186
-2.250465
-2.316084
-1.805331
1.704424
-0.859845
0.622761
2.795168
0.207754
2.762177
-0.334995
0.849003
2.534606
-1.953931
2.319168
2.884086
2.331501
3.067257
-1.088070
0.748300
-1.576732
-1.934117
1.289673
-1.406781
-0.345351
1.783819
1.740652
-0.566291
-0.697344
-0.129022
2.955863
-1.539765
0.089731
-2.754039
0.773372
1.983464
1.253301
1.504527
-2.213507
1.543395
0.537710
0.171006
3.060693
0.149320
2.710018
2.030888
-2.507075
1.162255
-0.185672
-2.004836
-1.080079
1.945924
-2.698466
-1.072908
-1.143464
2.967004
2.765435
3.137447
0.107874
-0.581187
0.254307
1.623862
2.119892
-2.306307
-2.767527
-2.361191
-0.791470
1.993030
-2.383878
-1.695118
-0.871584
1.815942
1.221733
1.150922
-1.171981
2.951236
1.649423
-2.569411
-0.252726
2.654737
2.176362
-0.547320
-1.820205
0.032815
0.076999
0.870647
1.558264
2.948945
2.114986
-2.677484
0.426150
-2.963739
-2.018584
3.140086
0.356671
1.239023
-2.394730
-2.531798
-0.823572
2.140385
0.688682
-2.425474
-0.810652
-1.797628
