2.230918
2.838444
1.544450
-0.280727
1.722007
0.302970
0.078561
2.372592
0.225300
-2.472454
-1.034649
-1.877490
0.338950
0.280442
-1.232254
-1.449814
-2.746269
-0.346766
-0.639212
-2.744282
0.013736
-1.743909
-2.345229
-0.747782
-0.443651
2.378083
-2.240422
-2.194412
0.742028
2.726174
1.255282
1.930111
2.474749
-2.561095
-2.746336
-0.093508
-2.924432
-1.168664
-2.724672
-1.898017
-2.210711
2.915036
-1.220941
2.163227
-0.063820
1.883373
-1.964610
-2.341634
1.717432
0.716220
1.046460
-1.046169
-1.263118
-2.055799
0.541717
-2.952825
-0.442545
-1.186618
-1.243179
1.689435
-2.416961
0.069826
1.209979
2.043419
1.967342
1.848621
-2.388144
-0.927565
-1.181978
-1.068710
-3.128852
2.276689
0.357206
2.580967
-1.482903
-0.269296
-0.722357
-1.743073
-2.761083
-2.974850
2.513248
1.815824
0.502469
-1.881884
-1.592212
2.131629
1.711119
1.662102
-1.768241
0.617291
-0.916280
0.546430
2.762404
-3.130979
-3.066449
2.935107
-2.291510
-1.617046
-1.249862
-0.169067
1.110724
-0.583772
1.253113
-1.477561
-1.690151
-2.015240
0.156101
-2.617506
0.868122
0.253269
0.633908
1.287653
-0.290642
0.484017
-2.667587
1.883513
2.644904
-0.508750
1.250256
2.757339
-0.600747
-0.792644
1.759673
-0.220508
2.351211
-3.007232
-0.222707
3.090960
-0.204757
-2.478092
1.802396
0.406076
1.668237
-2.513447
0.934067
-0.325453
1.368139
1.284194
-1.238326
-0.317606
2.485393
2.229325
-3.086540
2.730115
-1.136404
-0.582954
-3.050743
1.805376
0.517469
-1.251468
2.327732
-1.838979
-2.953195
1.194995
-1.973092
-1.978039
-1.892789
-3.121353
-3.122108
-2.406227
-2.178828
-0.861542
0.765120
2.447487
-0.890042
-0.703041
0.915201
2.043246
-1.713785
-1.184500
-1.298488
-2.146117
2.779966
0.332665
1.416079
0.655136
-2.858733
-1.875567
-0.739447
1.271362
0.454935
-1.597083
-1.676924
0.300615
-0.805506
2.151285
1.074883
0.813128
-1.518789
0.367593
0.938818
-0.994759
0.411455
-0.062899
-0.413999
-0.148836
1.259480
2.565134
-1.601235
-0.541053
1.915124
-2.070482
-1.787196
-3.113112
-0.471988
2.976670
0.349516
-1.730900
-1.989512
-1.829220
-0.802713
-1.186946
-0.752270
1.183496
0.719900
-0.893786
-0.877424
2.332471
-3.081626
-2.478578
-2.981270
1.859417
-2.884694
-1.438617
1.889900
2.152619
0.544724
0.394735
-0.906918
1.409200
0.022371
-0.542785
2.343974
-1.384408
-2.129178
2.231765
-0.125372
-0.786200
1.391869
3.091298
-2.021423
0.035893
-1.718259
2.036878
3.139936
2.991207
1.724150
1.275977
-3.081199
-2.057878
0.419946
-1.460442
-2.559851
2.619685
-1.707964
-1.935139
2.770889
-0.517280
1.577366
1.901888
-0.639376
-1.021365
2.401378
3.073261
-0.056674
0.307671
-2.304415
-2.001298
-2.560399
-2.017544
0.377845
2.474398
-2.672204
-0.774271
-0.230723
-1.488823
-1.136477
2.663896
-2.263711
-2.653168
-2.012004
0.303666
0.711959
-1.674146
2.583359
1.807855
-1.877448
-3.002861
1.028279
0.815239
-3.022152
-0.695100
-1.215539
-2.984640
-2.759946
2.627899
-0.139221
0.284628
-0.307902
-1.704369
2.198827
1.193951
1.986796
0.186162
2.579567
-0.075330
-1.677585
0.925992
0.957471
1.966348
0.179337
-3.036588
-0.488768
1.442502
-0.513218
1.576348
-1.309800
-2.753842
-1.430200
0.481900
-2.611033
-1.460798
2.006492
0.535632
1.581083
1.636767
2.590053
1.176460
3.053457
-2.272485
-2.631362
-2.620721
-1.767841
0.894666
-2.924666
-0.166454
-1.619455
1.458731
2.006696
-2.187437
2.412035
1.912786
-2.731079
-1.631044
1.501574
2.848121
2.694378
0.181181
-2.254404
-2.844687
1.807070
0.115879
-1.451219
3.109928
-1.575896
1.040164
-1.554385
1.805725
-2.932752
-1.092696
-2.475393
0.336473
-1.343748
0.645823
-1.871575
1.067832
1.108090
0.601763
0.066178
1.986282
-2.667760
-2.528131
2.938474
1.441913
1.612901
1.914545
1.097962
1.627971
0.597410
0.270289
1.356179
3.033080
-0.882077
-1.493420
1.205877
2.942306
-1.961052
0.203936
-2.659274
2.833090
-0.558350
1.493656
1.331777
-1.645854
1.312841
-2.228207
-0.205594
-0.711330
-0.397821
1.099530
-0.971271
-0.933354
2.502942
-0.988015
-0.367271
2.957251
-2.013551
2.581429
0.951735
-2.772573
1.752064
1.632627
1.882812
0.231136
0.666104
-3.089387
2.785111
2.379507
-0.000786
0.682647
2.426113
0.784179
0.547468
-0.034602
-2.096845
1.744041
0.721133
-0.125731
1.964129
-2.536746
1.972960
-0.265455
-2.589196
-0.866778
2.164123
2.836493
-0.193045
-0.354705
0.070027
1.234630
0.974207
0.885225
0.747901
0.830832
-1.532557
0.260215
2.465345
3.043246
2.669590
-0.646893
0.259850
0.202971
0.788951
-1.363435
1.961449
-2.467775
0.392308
-1.736829
2.367506
3.118445
1.507385
-1.683234
2.309362
1.033377
0.014863
2.973264
-2.954713
1.582473
1.425360
0.860111
0.134735
-0.731750
-0.554990
3.096658
1.111091
1.831469
1.011044
-0.923668
-1.889994
-1.680356
-2.864039
-0.835698
1.829819
-3.112080
2.334420
-1.562583
0.514109
3.078016
0.459017
-2.204893
-2.404095
1.414138
0.165588
-2.543658
1.535635
1.516997
-3.022946
-1.942652
0.976905
0.744593
-2.930263
0.064409
-2.766410
2.656001
0.129519
0.558122
-1.933260
-1.352164
2.085064
-1.720049
1.035747
2.662858
0.759981
-2.505450
2.618155
0.702683
1.280743
-0.036002
3.113987
2.140026
-2.479178
0.403129
-0.225286
2.413170
-0.021478
-0.863290
-1.358606
0.992534
0.213384
-1.498132
1.238775
-0.172520
0.590560
-0.709221
-1.369754
-2.075163
2.358008
-1.336654
-0.465629
1.855946
-1.101178
2.060768
2.448530
-2.274648
-0.696658
-1.921016
-1.087616
-2.150231
-1.142697
2.676848
0.943329
-2.655919
2.407478
0.882766
2.099666
-1.929602
-0.634064
-1.543048
-0.924089
-3.096220
-2.420397
1.894875
1.077577
2.687435
-2.756162
-0.279892
-1.867945
-0.626987
1.021562
-0.969996
-2.673361
2.549157
2.281980
-2.631746
2.449419
-1.727796
1.949600
-0.672336
-2.796857
-0.367323
1.090579
1.752176
2.124781
2.717792
2.001065
1.893431
-0.492682
2.512338
2.275389
-2.508933
-1.853152
0.302755
1.443837
0.545790
-0.796290
-0.610224
-1.878667
3.048658
0.617148
1.379848
-2.073755
2.168695
-1.771045
0.801433
-1.733062
-0.338352
1.124147
0.457397
2.606226
-1.520335
-2.194028
-2.219755
2.345974
-1.606572
2.620035
-0.848306
1.754886
0.424694
-1.399143
0.697578
0.480834
-1.414857
1.551277
1.745064
-0.011504
-0.581533
1.995222
-1.103913
-3.049329
0.346010
0.421731
2.375975
-2.438531
1.935874
-0.165449
1.618056
-0.397204
-2.533191
-3.065754
-2.874455
0.680021
0.990848
1.920431
-2.695020
-0.704526
2.231594
-1.025354
2.508673
2.740428
-0.774856
-2.989712
-1.345262
3.057823
-0.661915
-2.990877
-2.961190
2.559961
-2.153672
-1.791809
-1.708955
0.421506
-0.803446
1.481321
-1.165733
0.574893
1.448000
-0.532970
0.746635
-1.454413
-2.826368
0.579619
1.839668
2.398308
-0.480769
-1.878288
1.545214
2.631137
-1.444199
-1.909264
-1.347294
-2.471093
-2.823737
2.431121
2.480598
-2.831968
-0.387100
2.821835
0.474599
-2.465317
0.791061
-2.240610
0.095321
-0.816731
-2.355282
-1.702653
-0.174892
1.766575
-2.457462
2.238729
1.911032
0.760172
1.063944
-2.732553
1.989234
2.942968
2.583862
0.472454
1.014724
0.267053
1.397541
1.488624
0.038491
1.978722
-0.440768
-0.049208
-1.993774
-0.157158
-0.570420
2.467678
2.811267
1.311843
0.421615
-1.361857
0.267505
-0.677314
0.356746
-2.682778
-2.027934
2.318594
-0.430610
-1.161359
-0.261169
0.797587
-0.976661
-1.016856
-2.676313
-2.695368
0.853082
0.283139
-0.219018
1.330491
-0.084111
-0.315995
-1.817318
-1.560020
1.749504
2.156866
-3.030112
-3.095206
-0.738241
-2.785940
1.880567
3.107852
0.664499
1.461230
1.402460
1.323642
2.585204
-2.238330
-2.688624
0.194470
-1.572490
-0.788942
0.147045
1.085314
-1.942000
0.426913
-0.845448
-1.705070
0.561040
0.077029
0.109546
-0.183598
2.424382
-1.401763
0.505551
-1.852308
-2.892516
-0.406352
-1.967418
0.895839
2.034934
-2.295861
1.741984
-1.039341
-1.955778
-1.822271
1.197786
0.730276
-1.541129
-1.166532
-2.864970
1.186168
2.526744
-0.407268
2.960274
-3.094675
-2.700058
0.739256
1.857266
1.377754
-2.635719
-0.915022
0.657918
-1.859780
-1.992882
-0.907662
-2.861237
3.027502
-1.075956
2.726256
-1.740365
2.273737
-1.094100
0.716459
1.397499
0.596045
-0.647314
0.273100
0.440543
-1.905589
-1.423344
-1.922643
-0.135144
-0.920596
-2.702216
-0.832784
2.180693
2.257096
-1.947626
-2.671392
1.991237
-1.640776
2.163333
-1.478915
0.556958
-2.148311
1.275328
-1.535530
0.488072
3.044801
-1.410435
-0.998173
-0.561432
-0.332394
-1.533204
0.460035
-2.774069
2.903204
-3.137908
-1.195613
-2.521318
-0.098302
2.506772
-0.299897
-0.253001
1.342365
0.964523
-0.884792
-0.174970
2.524431
0.383288
3.030632
2.700689
1.759126
1.220409
-3.023019
-0.506689
0.384805
-1.095425
2.605441
1.224013
-1.753236
-1.719755
0.984414
-2.000143
-1.392627
-2.314864
1.239487
1.317893
-2.111117
-1.453061
-2.294767
-1.348138
-2.580396
-1.139217
-2.563846
1.503517
-1.101918
2.888515
0.063799
-1.115159
-0.828674
-0.401845
-2.417768
2.903737
1.727970
2.199858
-0.444352
0.128261
0.300450
2.467113
-2.516745
-1.130480
-1.854927
1.094760
-1.603545
0.265373
-1.128211
-0.888392
-1.777220
-0.107826
1.414354
-1.142621
-0.251643
-1.579561
-2.318359
2.063428
1.412297
1.592680
2.277592
-1.102062
1.711245
-2.425828
0.839369
0.444989
2.619395
1.509674
-1.033569
2.252162
0.083058
2.962022
-0.344265
0.888494
-2.513531
2.652715
-2.392068
1.127644
2.001971
1.895432
0.564892
0.547685
1.996387
-2.617455
2.421087
-1.381508
-1.225531
-2.474902
1.272266
-0.658103
-0.474405
3.032950
2.022399
-2.718416
-0.132162
-1.972939
-0.721446
-1.891919
-1.571727
-2.850845
3.017863
0.173537
-1.292202
0.872161
-2.373195
-0.156475
-2.883955
-0.716354
-1.042146
0.954293
-1.028423
0.884766
1.037768
-1.286414
-1.523844
-2.820094
2.537895
-1.969359
1.622208
2.986483
1.431565
-0.309583
-2.563200
2.310874
-2.051860
-1.146653
-3.031501
2.306938
-2.784014
1.889968
1.674855
-2.645398
2.710049
2.406650
1.525241
-2.958764
-0.784018
-1.380050
2.756620
2.995178
2.820707
-0.896185
0.246457
0.252924
2.686573
1.791935
-1.928041
-2.215869
-1.356647
1.184967
1.440394
0.108483
-2.883647
-2.686919
-2.401862
-1.484093
0.815133
1.435283
0.378451
-2.755693
-3.079510
-2.813343
1.821717
0.186793
-2.816768
2.610992
2.329983
-0.121686
-2.265967
-0.688765
0.944532
0.961538
1.112973
1.058009
0.728354
2.943372
-2.824020
1.915602
-0.827955
1.133965
0.081458
2.771101
1.274029
2.869970
1.808007
2.364807
1.217039
3.053691
-0.277480
-1.848646
0.323560
3.048789
-2.322070
0.088145
-2.584493
-2.754098
-2.914984
1.559170
-1.419067
1.614373
0.127589
2.137230
-0.791887
-2.315775
-2.740244
2.545435
0.679340
2.492923
0.727215
-2.284093
-3.091425
-1.427148
3.053685
-2.344564
0.754785
1.912462
-2.555073
-2.272660
-3.033089
2.016030
1.361107
1.491402
1.756288
-0.205126
0.580174
2.411120
2.754115
1.514491
3.051465
0.837423
-1.726658
1.130732
0.425293
2.366224
0.795654
0.807116
-1.235033
0.729162
-0.272050
-0.552458
-2.605065
-2.680383
2.938541
2.090431
-0.632123
-1.767670
0.439325
-3.117368
2.352117
1.774344
2.481698
1.239540
0.332400
-1.752053
2.361190
0.238210
0.174896
-0.712667
-0.769553
2.827068
-2.900050
2.561916
1.727667
2.785154
2.890089
1.031957
-0.151593
3.128503
-0.761752
0.298631
2.299934
2.417594
-3.007339
-0.138679
-1.868375
-1.651677
-1.127606
1.111296
1.123288
-1.292707
-0.189597
-2.852266
-1.899242
-0.065100
-0.070317
1.233413
1.419321
-1.247057
2.058549
-1.266017
2.863006
1.277991
-1.736471
2.515979
-2.344673
-2.833894
2.368513
2.848411
-0.953965
-0.258768
0.493589
2.232811
-1.049939
-2.745473
-0.779302
2.694536
0.549294
-1.063528
-0.209957
-0.298756
-1.971525
-1.005085
-0.692134
1.547144
1.606731
-0.884643
0.899871
0.997101
-1.013592
-2.168879
-1.966767
-1.641668
-0.845845
1.840022
-0.032769
0.471928
2.505968
-2.434936
-1.471492
-1.761783
0.720215
2.498442
1.186199
-2.757277
2.791902
-2.959870
1.489797
1.325763
0.637561
-1.054868
2.306988
-2.327591
1.915032
-2.747450
-0.944124
1.685179
0.080927
1.945652
-1.581185
2.401276
2.868459
-0.244908
1.946137
-0.418664
-1.741653
1.457905
0.646875
2.567815
1.811002
1.613434
1.684817
-0.513983
-2.203093
1.187327
2.531969
0.320706
1.898022
-2.310158
-0.162828
-2.050349
-1.717445
-2.036613
-2.491605
-1.308653
1.288140
1.014890
-1.152515
-2.317855
-0.279048
-1.977184
-0.805170
-0.704390
2.491724
3.096656
1.022628
-0.402005
0.647052
2.276972
-3.015499
2.768996
-2.718505
-0.366640
3.103480
0.156051
-0.524918
2.239251
-2.758218
-1.118551
-2.699580
2.828713
1.712283
1.005460
-1.576512
0.872640
0.602570
-2.577554
2.577689
1.077145
-0.668473
-3.054297
1.461894
-0.081640
0.304092
0.326635
-0.611272
-0.964987
0.847321
1.378232
-3.019419
1.560859
-1.221232
-2.412813
-0.132492
1.044533
-2.132044
1.612381
0.038365
-0.518359
-1.811067
-0.126633
0.880484
1.680657
-2.363627
2.482921
2.773543
-2.617907
-0.911469
2.190943
1.314895
-1.701220
1.827343
-1.009917
0.809185
-2.196638
-0.812209
2.233151
1.736033
1.944920
2.424905
-1.164070
2.748617
-2.237241
0.297571
-3.068153
-1.107092
-1.222571
1.265512
3.031336
2.245491
0.421573
-0.039476
-1.618113
-0.270496
1.468905
-2.884706
-2.347636
1.227985
2.466293
0.361006
-0.287484
2.669136
-2.437344
2.832915
-0.836532
1.752626
-1.676104
-1.040175
-0.638409
2.281669
0.000422
1.033031
-2.872754
-0.267513
-0.493660
-1.817842
-1.188198
-0.142881
-1.233401
-2.972281
-2.619467
1.951965
-3.109912
-3.050073
2.454320
-2.047949
-1.176136
-2.541414
0.953201
1.613096
0.116425
-2.986835
-1.860868
1.120377
-0.988807
2.322487
-1.151713
1.043453
2.764004
1.349345
-1.289020
-0.671765
2.418064
-2.440349
-1.326773
2.621030
2.093691
-1.286233
1.570180
-1.683341
2.049742
1.543994
-2.127644
2.509004
-1.552019
1.874674
-1.487389
0.642149
-1.005976
-2.147047
2.464878
2.658779
2.475098
1.170481
1.806383
-1.544753
-2.031579
-1.507171
-1.988219
-1.621034
1.928771
2.762781
2.578435
-0.594293
-1.352022
1.580631
2.289899
-2.428523
-1.357365
-0.623412
-0.184630
2.643598
2.058835
-0.276864
2.551173
-1.601699
-2.120834
-1.910894
-2.362213
-2.522641
-1.933199
1.489330
-1.007015
0.400054
2.624862
-0.020673
2.564207
-0.565764
0.618234
2.307020
-2.222897
2.103168
2.572086
2.138840
2.709459
-1.242709
0.346238
-1.677856
-2.372319
1.254379
-1.865605
-0.310057
1.324995
1.841775
-1.004493
-0.542705
-0.531084
-3.134662
-1.897563
0.305731
-3.066039
1.000958
1.714499
1.484070
1.273757
-1.985081
1.345426
0.754347
-0.707380
1.730472
-2.133092
2.990961
-2.555854
1.087949
0.485672
1.433995
-0.273940
-0.027599
0.973739
1.114752
-1.903732
2.080628
-1.017890
2.608605
3.061562
-0.055353
-0.665615
0.084495
1.529522
1.943422
-2.412190
-2.950550
-2.480554
-0.980659
1.857895
-2.578417
-1.848701
-1.070028
1.640845
1.021733
0.950922
-1.369951
2.722809
1.458672
-2.829526
-0.429196
2.360619
2.023077
-0.875787
-1.940205
-0.327185
0.000076
0.486032
1.531716
2.550715
2.141535
-3.075714
0.503073
2.934831
-1.898584
2.780086
0.509956
0.910556
-2.218260
-2.825916
-0.632821
1.880270
0.886651
-2.653900
-0.610652
-1.997628
0.736153
-0.004091
-3.027953
-0.004264
2.899207
1.895752
-2.324051
1.042892
-0.009201
-2.110718
-0.910267
1.851585
-2.535239
-1.157336
-0.986634
2.891119
0.934338
0.510647
1.497197
-0.044945
2.815790
-2.377631
2.917727
-0.863999
1.170030
-0.741072
-2.664008
0.471243
1.844428
-0.077226
-2.477241
-2.306764
1.725696
-1.954975
-0.510036
-0.946602
2.957435
2.046467
-0.796246
-1.054875
2.227501
2.211790
2.887552
1.659528
1.035693
2.050851
-2.417816
-3.106861
-0.767596
2.177524
0.456811
0.783068
2.261877
-1.248427
1.882241
-1.474721
2.721582
-1.415620
2.450007
2.741445
-2.667116
2.440769
0.359332
-0.875601
2.809424
2.151637
-0.497967
-0.181671
0.986890
-3.098839
-2.421008
-3.062810
2.425739
-2.214259
-1.596858
-0.636892
-0.969916
-0.372743
-1.321670
0.418638
-2.936938
0.798471
2.938237
0.640900
1.285455
-1.397777
-1.329550
-2.890830
-2.647264
1.767764
0.025551
-0.882193
-2.968596
2.717459
2.159561
1.578992
2.929920
2.048518
0.455850
2.043893
-2.560709
-2.017021
0.939163
1.863087
-2.265577
2.381440
-2.463147
-0.036984
-2.450524
-1.704529
1.106245
-1.609828
0.200963
3.088123
-3.085643
2.094381
-2.125709
-2.284827
-2.777220
-0.351013
-1.757070
-2.199163
-2.809526
-2.402251
1.048180
-0.949690
-1.047651
1.936181
-1.452366
-1.197751
-0.556042
1.496537
0.865534
-0.127302
2.436456
2.138372
0.245968
-0.632379
-0.579096
-0.103925
-2.827208
-0.489924
-0.042138
2.618714
2.881293
0.348687
0.409470
-1.511146
-1.659087
3.116735
2.040971
1.358109
1.824276
-1.661214
1.789423
2.818889
2.979202
1.564955
-0.281089
2.182343
2.134250
-0.840623
1.786904
-0.593223
1.189970
2.350893
-2.361160
-1.101087
-0.358171
2.182456
-0.526523
0.701551
-0.118592
2.655251
0.181525
-2.382698
2.789779
-0.075919
2.006875
-3.132010
-2.921315
2.782068
1.358230
0.293100
-0.602708
2.700754
1.100447
1.073820
-0.891623
-2.870018
-1.394860
1.266487
0.977956
0.109361
0.619977
3.118378
1.302907
2.114966
-0.114712
-0.965440
-1.161763
-1.386857
-2.763875
-2.618510
-0.829847
2.426237
0.437653
-0.234683
-0.611392
-1.884180
-0.847938
2.667097
0.456345
0.569871
0.260228
1.119442
1.220308
-1.915928
-2.046718
-2.756438
0.317557
-1.880338
2.763633
-2.114021
-1.814182
-0.749156
0.878237
-1.245003
2.988515
-1.030968
0.012396
1.616223
1.784086
2.552537
-0.167355
0.938884
-1.558535
-2.561086
1.093622
0.961054
2.946497
-1.147311
-1.523197
-2.221008
-2.994403
1.157459
0.088539
-1.799103
-1.472328
-1.577178
1.064633
-0.664354
-1.479378
2.658139
2.699995
-2.742648
0.992884
0.165440
-2.049860
-2.644616
3.097178
1.561622
-2.482264
-1.369416
0.691543
2.991487
0.128344
-0.581166
2.623029
-2.004286
-2.507776
1.736968
-1.891127
-1.901312
-3.094406
-2.065125
-2.471681
0.294441
-0.435620
2.041375
-0.819906
1.353610
-2.122672
-0.439812
0.065577
0.171348
-2.287415
-1.216638
-1.654561
2.546389
-1.102127
1.031855
-0.254266
2.483727
1.633852
-2.454658
-2.563913
0.794145
-1.355772
-0.698467
-0.650949
-0.084487
0.980614
3.020091
-2.962504
0.576979
2.765753
-2.857368
-1.639885
-1.862148
-1.328079
2.399179
1.697719
0.966588
-1.702848
2.638421
1.847055
0.136782
-2.789476
1.496228
-3.010636
2.437222
-1.983858
2.602774
0.203634
2.666047
-2.903025
1.429017
1.052519
1.953619
2.123140
2.231672
1.549179
-0.873366
2.686062
-3.028641
1.371346
-3.079633
-0.307372
-1.830263
-1.725448
2.188831
-0.970616
1.498599
1.954386
-0.259838
0.160807
2.165548
-0.278952
-1.819460
-1.612904
0.321765
2.510297
-2.532380
-2.280875
2.028841
-3.041552
-1.801366
-2.763123
0.257293
0.059948
1.801935
-2.479998
-0.359769
-0.136029
1.251921
2.971284
-1.097760
-2.408789
0.203964
-1.446007
-0.973378
2.493853
-1.522535
-0.441926
-0.575312
1.840946
-2.827229
1.634748
0.053591
1.219791
2.128551
0.126137
1.787741
-2.483148
-3.006040
2.803316
-1.284541
-0.843089
-0.015926
-0.359582
-0.225783
0.489979
-2.735436
3.022443
1.373151
-1.827413
-0.370912
2.668993
-1.479138
-1.355920
1.819457
-1.811705
2.717309
2.326229
2.763430
-1.336674
-1.474544
1.272255
-2.161574
0.285729
1.717388
-0.662275
-2.753637
3.061869
-1.818154
-2.537330
-1.063953
1.932161
1.305264
1.149983
-1.370111
1.504874
2.926920
1.491048
-1.495260
-0.914601
2.279622
0.370804
-2.768725
1.575268
-0.323714
2.169891
0.923057
0.054345
2.246116
-1.167112
0.949941
2.187155
1.995895
-2.302373
-2.558029
0.921661
-0.475093
2.153103
1.006712
2.936014
-0.992198
-0.443890
1.766809
1.767460
1.113975
1.752178
1.073508
0.223611
1.371004
0.538731
-0.409105
-2.034448
2.769631
1.619204
-1.795932
-1.965195
3.079347
-0.747214
1.878760
0.358176
0.469833
-0.176002
-0.976062
0.575352
1.039803
1.746830
-2.509630
2.212029
0.791473
-0.588113
0.757850
-1.777495
-1.274068
-1.925712
-2.085141
-0.088100
0.855254
2.944240
-0.804601
1.953923
-2.734075
-1.972066
2.674415
-2.302009
-2.245584
-2.971631
-1.375026
0.947716
0.587791
2.054508
-1.253607
0.904143
0.820036
-0.096342
-2.014487
1.023084
-1.700806
1.033008
0.934062
2.850513
0.100820
-1.999512
2.763015
-1.641843
2.296655
-0.686643
-2.788827
3.048220
1.280808
-0.008863
-0.151653
-1.944105
2.346627
-1.320269
2.828026
0.891155
0.007855
2.366081
0.798395
1.024833
-2.514281
