2.31097613376568400412
0.51048487854540214315
-1.16902232705928899037
1.86459316416267117944
-2.36825218914494817213
1.93319841488565113963
-0.06893661130786687963
-1.44816736086179442822
1.75704563575817473975
-0.48784028435713006067
0.51711972051488652724
-1.49206829200075996589
-2.68402795364915336407
2.91055998021747353022
-1.80590331289627981093
1.90862886249643803893
1.97950238526367439107
2.22131264434849828859
2.98644594068539692699
-0.41080430958684255316
1.12790267593769577559
1.02314401118775677446
-0.87945888447816633615
-1.78132422354352848437
1.43303497497265475147
-1.81173927951288127325
1.05540649053216917252
-2.68060974777155491822
-0.94915702233650023345
-0.18476227437012981980
-0.87322702221886006058
1.10855919091918053709
1.35504274989925299622
-0.47050171919131050791
-1.05484815110413698847
-2.70458896623135380821
-0.38782522708823474744
-1.70656192709824328091
-0.91152407378531608018
1.22706137968738548949
-1.78069341765078004158
2.89173323507067969729
2.45223093738160802246
2.06097936188856500905
-1.33666234478254164486
-0.91533105714642948314
2.56575220941912895967
-1.83042299519615725423
2.76590401218467718536
-1.51319295430184008744
2.77622215267139882400
-2.51209325868606736520
1.74587196992872506485
-1.04948213769214770963
-2.49999473020218943020
1.03187567062463969592
1.33052129740663183100
-0.38587117172181395475
0.11497912712002422708
-2.24385422522954680602
-0.04745355894233638239
2.74002872733201741084
-1.46509466408645550040
-1.48193415869996858447
1.10769382203050703595
2.04076066129561528584
0.97856625231882432558
2.39970942630066019774
-1.98271084565626543039
-2.76791894579562702816
-1.01807330477545621150
-0.69170396891058549826
0.71924124911871256671
1.25584641035576005663
0.21249200700902015626
-2.38857525915398394289
-1.30710796461502831711
0.77886505358199809024
-0.88018159864703415796
-0.16813146177410187576
1.81882096124690395555
-0.76698915184221583274
-0.42611809890491425534
2.64477830476909225865
0.83590350178987238294
3.05111391484105620719
-0.75678957856775974644
2.93760563591623835578
1.53838357110771628555
-2.99552684659600343409
-1.78001915529982190911
-0.36725417583295616453
0.63015823310729901507
-1.81113525274182673996
0.28553496518238663526
2.56561073681173201777
2.46912087920248612960
-0.69544845800881560649
-1.92665953514799426216
2.04420358924321821092
-2.08920400592196120471
-1.55169397533315422955
0.51142278924864204015
1.82150262810156160498
-1.13175734913252634684
-0.63442749215361171622
0.06429371211791901075
1.96542041758945540408
1.82528460705225903382
2.98724857372399910105
2.66254949128346751763
-1.22942175083250093692
2.68372605740647607320
1.31113217918434088460
-2.07592856692383254114
2.18210311545590052162
-0.40172690816189549068
-0.18481563426025848784
-2.57200004229435075231
-1.11349125574357676882
1.25994012997734028403
1.76798796989364870313
-1.55245507713478292366
0.15381553559566182865
-1.96741023875321352499
-0.86666446886144132833
-1.68881960168806166678
-1.31787668647497691055
-2.50391575423866274974
2.47904494208028225444
-1.79600298028703608821
-2.44171037679637237261
3.03787357313354444699
-0.80557919641260944399
-1.84906474791925679035
-2.75831717806402121340
-0.66770980141091529347
1.75729024097731656440
-1.85257660214799502185
2.99932306153417460592
2.95826949247765647044
0.55187907188875851006
2.86815640675943228644
2.20715623600784560665
-2.13081546963256762695
-0.82800404094131352384
-2.20972934777168816822
0.42883026054889183953
2.45423245438345372094
1.96946543759009617958
2.88574225048618249190
-0.05701189789337535174
-2.77056794174141529652
1.65618605619510717020
-3.01003845832803307303
3.06626594914491867883
-1.55582179163691547430
0.30059666279988134230
-1.67793699714394528577
-1.82604251384017279847
-2.46756142920561760690
1.70927840244116335811
-1.42186418601667896588
0.00666948385317711525
2.09580602796227388751
2.31889014771830392903
0.19474057833750668678
2.07693730194965020530
1.16092042678219087293
-0.26710876252744686354
1.13783160155886875486
-2.56933463281343810181
-0.15201968598259793519
1.10017734236330699815
2.05752048356676731089
2.69437016336490042789
-0.61059186995283365462
0.97157031164190588157
1.33011931945166583802
-1.12908677095012199842
0.61486177925093921104
-1.96095973867133666069
-1.75739941471423555264
-0.59264101470835361951
-1.92363847082300121194
1.53826483711728556614
1.25982264325713444464
-2.27342104785515219945
2.42804187313539365789
2.18707613976241610487
0.95185851438859980789
-2.88143909092400196670
-0.36714935089918521172
2.27374247999101530837
2.03871046787716814208
1.25070865781304796371
-1.14667761025325520841
-1.53253868938021731161
0.47539512479450340976
0.29067969585622321915
2.50315261310765002634
1.98445342154323522976
-1.16089275222352683592
-0.07658834969065163312
-0.01815161590254588120
1.24324678837304070100
1.56054670546029683464
-0.52272793715061016684
-2.58562941313317562475
-1.93501512454875101987
2.17534688464958847476
0.79726117708433352771
0.94514384484611824178
0.93983207118550016190
-0.34310237928535869401
-0.29110686584679701383
1.92563453410424401113
-0.32171799601527029111
-1.50703748573772733366
-0.99600973795369895925
2.54079295301250507322
3.13270498097037464191
-3.02903065628644396767
-1.03264357665437067624
-2.53026872483751086307
2.33945353618508722349
-1.12944962099681056600
-1.90931400647075588672
0.43060613565075028797
-1.35751631827352925441
0.29747241406791191665
-0.01039231822988995191
2.49755242493252005431
1.31534099151541017392
-1.87695320594007397652
0.45533586077030596684
2.21088222212151830348
0.24672751710877308118
1.23956762304016532283
1.68803699601670764707
2.00871351774129980328
-2.62374219368740035918
2.93993132748618357653
-1.15461811859978569217
2.33618752947898666861
2.09311667614951879557
-1.13230347892818894451
0.42311450571861808356
-2.79347705450131655880
2.62190307209073658612
-1.35998607409967076087
2.40975063294093860833
0.56459082130778837083
0.97317781754190146870
-0.00652324497934531154
2.59215368540512169915
-1.28395561113309297774
-2.82790596526071968952
1.45526366068732038173
2.68139908236798341079
2.45051748823908965846
-2.70922530944544526221
0.09038868195625406055
-1.60449043741464270063
1.95181757943879041761
-2.26509475779019942010
0.70350161064664984423
1.70415911370212036502
-2.81819640014456762600
1.63914545612096151928
-0.79344968649954861206
-1.96930691272157920579
2.63538573272063914033
0.51975033255515112884
0.67611053022278833069
-0.87087950123348811804
2.18606188520002575615
2.73432113716426172800
-3.13239062667077838853
0.63532028755701830391
0.86721580588561142378
-1.66788501745287054412
-2.61208758169468868715
1.92472245703956534868
-1.44658721486321950600
2.54615307113634870007
-1.22584649334569317780
2.93948529233582522835
-1.39255657268772936597
2.05480031202229262988
0.08376955636459726406
-1.48471526117522789612
-1.63072125887846697267
-2.20570355344535773412
0.69870077808555963728
-2.91088126874592223459
1.35353693567728150526
0.58593552932717107851
1.35717563961072329448
0.30154207852914322041
1.10961185595370004364
-2.78068753189762940536
-0.59749159040937360743
0.66481326517924577146
-1.68043902297262892631
0.67758611484641662059
-1.52628004270209327586
2.88935284782892942701
2.15522059741191185367
-2.38508971128167557296
-1.44635508884707886246
0.92043592170065124947
-2.12940604667098387637
-0.29856034273169873572
-1.57173881609733756548
-1.74391498314268766912
-1.56863820995718428186
3.11447971567191839171
-0.54165601692509790510
-1.76410103046701993712
2.80588682098996589076
0.20966082655204232310
-2.39663650319369736508
-1.30393043560216348453
-0.42245132885795877442
-2.85739459794284611505
1.22233510653681776148
1.06616269565241950090
-1.40693393344113837351
-0.45907303861263448752
0.25360654852308917029
-2.77325205529539875471
-0.14927234575686876283
0.35849371460883977525
-0.67018414411021920429
-0.39521565291694127353
-0.55540703023668447358
1.09432566467186020986
1.58431192816730792572
-0.48201847497054517433
-2.94506380310900572894
0.93422207206589291673
-0.01619725847376196626
2.91421705961658883410
2.66488498680717800227
-0.40280680173701366442
1.61518178826643765689
-2.10510700223644375839
-1.20289000647354837881
1.02904908295070196544
0.23758433636789266785
0.86128480677693808332
-1.10661372762949650195
-2.50566590247834364291
1.42652323236420564001
-3.10416828235063224639
-0.68188147808536614392
-0.67754208962995532417
-2.01580588948180583486
-1.32984753801985511323
0.90044022787496302840
-0.84667632561288908022
-1.52820843072200918122
-0.16070834530671573859
2.96445093965602257668
2.07552446368329324144
-2.47189381343479475106
-1.29029507895287220975
-2.22700390061815056697
2.64648457180866980565
-3.11720019591350094856
0.34788942228667618650
2.37083085762243683803
-1.99969365846728019953
0.85043870897554807442
1.69772858880738031218
-1.50819766472365834886
-1.94231162319561567742
-2.32590865887600362072
2.80040084003709477400
2.42744922391822903762
1.48410392962885850920
0.18121701665907966050
-1.42601793625191652914
-0.65272196394642367778
2.43751025593384618162
-1.01872307604167211537
0.50371126612875460893
2.33632412522226307061
-1.17654012927544071587
-2.27183126283291247915
0.96607482604941541382
-1.65217875076360920517
0.74233324521731436363
-2.83501229980964053468
0.08506085614071601242
0.99010685649211715997
-1.43614113258833775433
1.80229472889411024283
2.72787993617734070284
0.17365106237976801751
1.20160127301165253755
1.48216658967356362808
-0.47695447649361621956
-0.22273616009907162838
-0.49539089913219358507
-0.08826680709961465254
-0.72557442691325935158
-1.37442170461439405749
-0.26257651757136812876
0.18647863803092512569
-2.38970562431105948420
-2.80463156620507580996
2.74722041765125091217
-2.14047472494322077452
-0.22623108356975182853
1.45885265217629367385
1.20977949816086294277
-3.08209025466726505016
0.90931621289271724606
2.07971852963703263129
0.96036303850442550356
2.25086819790510705985
0.36175893520392365943
-0.08841594566742339012
-2.63850671513329171347
-2.01139494550809150297
1.15533429599294024115
-0.99090588193356765601
-2.74958796399940252897
2.95467823567803211660
-1.71163214355855486382
-2.04140165357297487247
2.90783011375591193826
-1.23969065967510361226
0.43048182440070448251
0.34410431781060824008
-2.16007096991326941193
-1.56852077415404611571
-1.59969832935591682599
-0.85674812386051613089
-2.95108103064453519693
2.02518554558933772114
-2.31966060078662383859
-0.05246126454993450122
-2.34585002614944482247
1.82358486790522000831
-2.14716503984398476845
1.37444997296110305030
-1.83820496528869514741
2.24679025136359733494
0.93028250142941804057
-2.77118101307840491998
0.83831188253058241955
-1.27420981840578195765
2.66926924306180257673
3.02656079696148694325
2.09565754873735254904
1.46486063638121777331
2.59923236817880543015
-0.10719852147928408959
-0.88215500342356767405
1.74876588634595186988
2.48690793909699614517
0.31036177046684843006
1.51859863199211364559
1.77989773694488384592
-1.87114181228595644058
-0.40778892272685141052
-0.53864102913251565852
-3.11301036736676639549
-2.77026835389255587927
-1.89651332321638421696
-0.76313803804144975107
2.71914822109805509598
3.10150362975415649913
-0.42605951381179263393
1.47230004026705341147
0.36970624353626924119
0.11694953589613188427
1.19076157949231831168
-2.67962019557539665726
2.54864761715867782499
0.50123950871348244007
1.17121592195210766363
2.77999394095291130213
0.66324512507019761642
-1.20801791774014666281
0.04684181990343727620
-1.52761933686499173923
-0.16565193554256074648
0.12674122297484258226
-1.42118575074687947257
-0.33406288452053667370
-0.42873729503682334041
1.31952439581891667331
-0.49736444090897968806
-1.78504783928756549649
-2.78947566278808389839
-2.39455113630691229787
1.95231103102528180671
0.08375354681340718699
-1.78422902192504850838
1.16326423022952418762
3.12911245032495699547
0.22067747093936376790
0.07367081221140291125
-1.41811093832219081712
-0.21625567979575954780
1.52341974101648869322
1.33831288773649781376
2.30246759453676030915
