-0.82413401871234470697
0.17356466542157938937
-0.18350235977677434307
1.00889300957471217401
1.14687551859404801569
0.80167177280844714726
-0.10498669842662664009
-0.01438826217196412238
-0.72168705102026053932
-0.49066744706205106530
0.68722051612682699684
-0.29309230329745056265
0.09902858324326224704
-0.31748801698641537783
-0.38896296068869895546
-0.60420093475011893425
-1.00250124276451457739
0.78239944482494283573
-0.57312175691206068695
0.55282559588014645868
0.40194059857451963635
0.35131399342786923112
-0.55195824793033387845
0.54036030875392915274
0.66457347613429396116
-1.16277765155939349917
0.18381196645690828229
-0.22971206795779455789
0.22051216710430163181
-0.60226123096966011072
-0.65549455764946751302
-0.12852010205218727945
-0.34478647231889641978
0.41666568268049658519
-0.38943807326980300898
0.48264051313035438717
0.29928805041759048988
-0.44730703391538312319
-0.51984536946530157664
0.71951533679217771766
-0.90439481236107877038
-0.40869291849089023350
0.20207025660732247374
-0.04620579569882582449
-0.22709077974670230371
-0.65458094559686219593
-0.38650554569674899774
0.06180483473655234983
0.13789714702542546498
-0.43793098269896801877
0.21002452100711865857
1.14906509773779386130
0.18286441547069237634
-0.19097783975605653328
0.11945091183733948237
0.25884049235993367155
0.02124880843165869240
-0.20381859732628246351
-0.10127393243338371487
-0.80873187171130278550
-0.57867325012250669936
-0.16765799374424314450
0.68257405280739791298
0.08375300288263687332
-0.29562661611754181834
0.02732835483236822557
0.43471205034518789478
0.19409641821830117547
-0.44921531958681099050
0.95243795960307975346
-0.69445384645672592061
0.61360101222915885977
-0.70656819206853249682
0.60879367552508867334
0.30930835923263522158
-0.36889412199067933562
-0.22828540422236584528
0.74417096493583545502
0.27398802262290328224
0.53763637339052128272
0.99421474378177432385
0.45658974273614910677
-0.33885571766668026727
0.49742513895708651006
0.18003512507917196483
0.55485592395534155674
-0.01583942394654506980
0.21522924423618147727
0.94873381565041225993
1.64812733903290298265
0.01772241636950862981
0.47795195720989336330
-0.26067695623242342906
-0.36714404834467267991
-0.22310697424446265802
0.26898907893327245189
-0.11552694002699163967
0.51424358269140235667
-0.22202456753653609933
-0.53134064399359293152
0.73081061758867216227
0.02693767666371938221
0.55279056423568440071
-0.25841015473925144086
-0.15151465294308533172
-1.35871333376511382873
0.13063333715632746701
-0.27863941046526041756
0.00341834036375291816
0.45090009609218922870
0.73316407162292140942
0.06676751173514523796
0.44911589654744715761
0.49409940360197368570
-0.81038194829107967898
0.44820324700324332134
-0.37434949313565235585
0.20630815013368181132
0.68560711191284084975
-0.17835691717244794852
-0.41024610607143319196
0.34093206453338137374
-0.71001359065333102816
0.19645244473537540331
-0.58286632076569899752
-0.42668235427030343221
0.22233378673869810815
-0.70165354090556275590
0.28889676487469900801
-0.82990780759915028231
-1.49405697956313843200
-0.29229157044187115133
0.16824929832968435472
0.40589240554303884778
-0.79121135543514464761
-0.91925330906135793718
-1.32256563442911478923
-0.37028807330858920510
-0.97504486180068206114
0.03014394457735794508
-0.49250521074022440837
0.02854937179698839242
-0.88201991323575290593
-0.37566189328103521961
-0.46234097859546968712
-0.24784048085521978577
-0.25614886741584319552
0.50173540687281581452
-0.59919613404361171671
0.58079811442665363330
-0.20553295869115470462
0.49052774920753744459
-0.34979748168534119390
-0.08739160501338985587
-0.12899878648211257626
0.22052716884876508163
-0.62331482864801746047
0.19631902171724519013
-0.67140352571988171082
0.55688093121287252085
-0.65765653921988953545
0.64656530844907267319
-0.68502020289233378492
-0.32399061632783271447
0.83356819360373046734
-0.69771979610754930601
0.05516163972177528380
-0.04211634344759598858
0.25442952691767739548
0.01346199110754709577
0.42686998249945162787
0.01318633974953394884
-0.42241606768710665554
-0.22302317650841624319
-0.28146243776411455917
-0.80808032606962965083
-0.32590893220979771927
0.09493725140203317092
-0.01890344125739583034
-0.20573882298222739839
0.86138666690042964280
-0.16168458053620957116
-0.55086608586800145382
-0.09906047942252405036
0.45772599199655716884
-0.87073017738888069950
-0.17036932330000484348
0.42139195941615825713
-0.02170533169147577032
-0.06700567676872082323
0.83977317814392238304
0.32618974773992281957
-0.70812154886506717411
-0.50898407664974198994
0.08911471249776409254
-0.20599741996741682826
0.43028217512936217659
0.50070622415019117035
-0.70113526183390795232
-0.46972022506215782567
0.30012875247602427420
0.54694202864021956856
0.54657571192457476972
-0.25526764041850247278
-0.57668263927031360172
-0.87597000267678160057
-0.32423290599754062136
0.11316285119581750984
-0.63525182329157414696
0.81290205153265349125
0.55713535520149515268
-0.35880186878378211857
-0.02366942452115218878
-0.06487241426295776991
1.09461380896101867499
0.63843875528033566802
0.05881245322627581817
-0.67180906699747322541
-1.26860374183652369062
0.52814166816106222768
0.03755319309346336759
-0.19623794491888035818
-0.04004419691140434501
-0.88470408800472544186
-0.44345478073585581358
-0.15752940524130870648
-0.33110437172520329474
-1.42473498993171254767
0.67505034172430411488
-0.07589202843081296890
0.07882245388276128140
-0.48792343987350633716
-0.18258602360206674375
-0.52899054765297059966
-0.60451893706783776938
0.20976838240549980363
0.00797675013508345604
0.21456757348538318952
0.50282155243271953182
-0.30735042999559847310
0.46601775252957372553
-0.03785659434322086181
-0.77233524253815366567
-0.42268190644469594286
0.39587868550572385962
-1.07033372440596208364
1.08074785799301187339
0.10486049770920449764
-1.39284892975050067498
0.62834598421901233234
-0.45960673886464586957
-0.42826951656785100520
-0.17784897454028933406
-0.18098837051864430370
1.11991399922533663158
0.01845141457792530415
0.56184715507245175381
-0.35778128506550177512
-0.31592739857205526244
1.46439633250093415029
-0.43620893573453739522
1.03967797563677932793
0.29948944887196193854
1.46045050670772447177
-0.58704498011837513705
0.34812625403715902195
0.11555295419014398328
1.00933351715899322087
-0.55969917674978397759
-0.25333953926651081590
0.80695142781778250729
0.60002383026738859151
-0.06545524399357754985
0.66131063576347459687
0.35350485918923346684
0.38902745031736651882
0.28898549516825289274
-0.07680560754650019029
0.43164276010596303035
-0.40945832245547625350
-0.72172870482436579653
-0.07970886149768546813
0.22585830589355782028
-0.51187764075546637876
0.16509164991814784251
-0.12495849382534736371
-1.07683840401242014728
0.71400232306576105756
0.11670957299326802092
0.44665139966617178890
0.15360641629127586016
-0.40202797970986409171
0.55414022574505106267
-0.77074001521947510529
-0.52319298413504800038
0.73654533116728049258
-0.13013902915920380621
0.49901187169037858338
-0.05714152190092331579
0.02892644940171583412
0.26002737285499855080
0.32570855504412782322
-0.76174457213943957967
-0.13184070986495113886
-0.14793687325465013083
0.26232253667641675099
-0.29318359698968515792
-1.29046383400928443841
0.01547984580777661372
-1.14813131224861408874
0.84015297600840943559
0.30076890363908848069
-0.40444288400377220727
-0.29203447188922770916
-0.49196782957560464267
0.36269370088015384646
-0.79117460742079626090
0.48519417120111102415
-0.38012477601296862373
-0.59435690724615430902
-0.14651385283753179389
-0.43341035031751773410
0.34669217318550593632
-0.63167561784529724367
-0.33808736794078197985
0.01599623635253763498
-0.13048499368307606150
0.58918050845510772096
0.07546924313954359032
-0.04365587552375132380
0.48035022100558372182
-0.06908819971853466524
-0.61110766497908097783
-0.21621107222507451873
-0.85354874314730477813
0.23958320532335317110
0.68545350773689639468
-0.39690034881316765825
-0.50488964004537184582
-0.75679729958387842448
0.00891766488668224548
0.85716716133676795764
0.26916184914246044091
-0.45342518723660196756
-0.62727144193888606516
0.86900650192115413972
-0.40802061767836583783
0.15749173460168561234
0.68184620592583644605
-0.35987754467829474736
-0.51961223915878107515
-0.54996573773622092762
0.13197072387266897686
-0.54879130242074536383
0.32332560494789586159
0.38041599371923329187
1.25226633806422382733
-0.33213564051939825639
0.60915246434772396533
0.78147299022310034999
-0.92201615757882038338
0.69138550378482710457
0.17841697215280569178
0.95205689879583743629
-1.09960000646359290499
1.12597735512884011833
0.08313401000673242836
0.40563777135674444763
0.32166896466200922688
-0.67318895053582561427
0.42114017730539476947
-0.43939182731409348603
-0.15201462210220662019
0.57240089879069144807
-0.06007101947128548614
0.92133696851140278739
-0.20306753377826144980
-0.78354610596590779092
0.20262413226775422004
-0.23797052653111042120
0.72230662375730747549
-0.25317101249041301658
0.85391581512119019148
0.56075999887817873368
-0.40160770418262070613
0.28480967453574035364
-0.01907416199062366563
0.27309128990525405323
-0.64151345970410855735
-0.10057945385560942975
0.96083593822336288426
-0.43761497638808316557
-0.70997075316460944716
-0.62092358261224145366
0.45267719822346580427
0.13248163318761280172
0.26661150495179464226
0.24461563775987710256
-0.17118630093672604353
-0.82715917591115117879
0.29267561650870116408
-0.36711316822005002347
0.95749482662500573493
-0.20110939273963268636
0.27411430010028481341
0.48761808548898749605
-0.30181447437397773692
-0.03889076599291090702
0.76518622751394305137
0.24315829567970898006
-0.33509253506236802433
-0.48673494606821027242
0.36575191516854305140
-0.04994435435317957223
-0.21695936581613028959
0.31020995825837988091
0.03248820207630758600
0.38072389488381530587
-1.11087352390551408199
0.04500303933708505594
0.75610619096261277861
-1.02305129910486591882
-0.39366544652753271416
0.07093721982648852620
0.20936221105549893129
0.07314948519591890630
0.03747125089122851221
-1.42773156683194391015
0.04861899476275146487
-0.23604145202579868146
-0.26076461991812460717
0.23589539983761495523
-0.15608174162577584387
0.50589959029602582508
-0.00322874282671725471
1.04947997923420066613
0.38747849998147937400
-1.18067662678263518572
-1.11151193581386809051
-0.08779150811725802694
0.39912834619636955447
-0.64726028189341144881
-0.12657484809036229079
0.24741153405380578167
0.37064517032022575860
-0.03937889137063280837
-0.63088790785430626240
0.20274740551656320053
0.19630249054180626267
0.24556672199762039077
-0.67728331943983399732
0.05541349733429236368
1.08559418377457506111
0.05916607401402826372
0.51921834762414864617
-0.00452468911453378017
0.06622972388961347046
0.56174823299399578858
-0.10998103734693095990
0.45010502628614929010
0.34366217000618787258
0.18087774961112559891
-0.20437817192855825543
-0.07466087970896781445
-0.12642449738253869196
-0.54556363171425148462
0.14433152975881199942
-0.56281363129048289640
0.26758884075849476147
0.74434489012003179909
0.19393475592271039454
-0.01375072108718639920
0.29340824006408167124
0.07276530501274425244
-0.63754282047312393900
0.92834834788923348281
-0.20986997175176758113
-0.03853524172973313289
0.13302095188967438810
0.17999793097264871200
-0.29803053694581005395
-0.60383600216844912634
0.63644151350421540592
0.46805822859613427367
0.38353677161204158264
-0.16316503755190134295
0.15178938995849597382
0.10194763962679438685
0.06527978491919614323
0.67715801391434504719
-0.01469193287794412148
-0.79051022669157988698
0.07063026724616601471
0.34463130839815092621
-0.16913804148834260532
-0.17676919130504181732
-0.27773881924257448617
-0.26550861892183658108
0.69074909041862364578
0.05247798149862729217
1.07609641522926069435
-0.09833731509321916309
0.64925016303499949455
-0.09394121653793698068
-0.35510774845182502268
0.02032159550771089895
-0.44662355654758395529
-0.34373756000382865716
-0.10979557182217919431
1.31333069135873659050
0.22391377086704167265
0.15523444750691098304
-0.00760298727401923728
-0.10324988255959992312
-1.10862042053343756720
0.02583623383057277387
-0.66528279414194479990
-0.52316405189943893106
-0.01938254707074793179
-0.61083847709339245124
0.01864245361690488462
-0.71227968445519718177
0.33307622795396868431
-0.22535815268848546911
0.55876452857076230885
-0.48772597421219338054
0.52333250962273114570
0.17547733526373093804
0.26315569641859892780
-1.24430498912714337933
-0.34216350230528191911
-0.03958478908285755632
0.20304345989336336498
0.28337143827545335784
-0.44062094491965192455
0.57058702225837709676
0.11926307550016000680
0.20589252540191990692
-0.29539182054101492669
0.44575023001596247862
-0.23520301332251830617
-0.54438679905177944640
0.09709994839920957355
0.02717618776355785332
0.05411569488540520639
0.04632279693315186075
-0.25125088056863725816
-0.61424691015364063507
0.45984703191371123498
0.54398669293204793274
1.17751827069284020766
-0.39549135372021254620
0.32322802006902723315
-0.30955290348804187506
0.12215919571193119275
1.11899890411580216210
-0.68577022581365854048
-0.34944477657810463223
-0.81788919371452684093
1.01948034030303036346
0.51238726387444644139
-0.19920187163550465148
-0.17813053805380016370
0.70943973107464153305
0.47607709398613401452
-0.52161273217030945659
-1.37392095549622350603
-0.59746212995873970719
-0.40463296526527769981
0.18271774471692484032
0.24733071562126152099
-0.96128188811774328837
0.66549450804830534434
0.02641462723368406124
-0.31638121961597548415
0.13490668036489625314
0.23384955464291473648
-1.35666656668297425092
-0.36104126173739764516
0.37930048059561405349
0.11488839751531654265
0.46663215313961797781
0.78890721620817105819
0.77340481561133034294
0.59201289658934219684
-0.30104859924036420082
0.96085251006237204496
0.16917756339526526799
1.05836793624604053043
0.80501787311525518920
0.00209285689416612106
-0.33488006044014545504
0.19379989398791874766
0.10327271700437151702
0.27878191292916543187
0.35995038917740612705
-0.06835792808236555718
-0.22426967955969973056
-0.38686146202467547317
-0.85715227257972270714
-0.61545546481567436903
0.29142896620004260511
0.68538670201238605095
0.36212720536879722255
-0.02640417828021062591
0.32399575004288388991
0.70482542081134658130
-0.19598934164463321927
0.14633800043080488762
0.49630490287204387378
-0.92199534474697852904
-0.93827148713356334220
0.34105303649754092898
-0.28969797731669433283
0.46100935926752528715
0.28947642539850626520
0.71582439617176851776
0.77458166602790146094
-0.62654316372531748680
-0.26381918043081320491
0.68553431998342384546
0.19825577448672052072
-0.18555090535531210127
-0.50125890050184906954
0.51428287761909086129
0.87952578852742280269
0.58742154880116337345
-0.31577564805399416237
0.14083416768343301473
-0.47242344171452960166
0.07197895667201929804
0.03141813898371045161
-0.69473810855645501405
-0.17099931257694120368
-0.88978058485119371213
-1.38763760006014646997
-1.29317890946352287429
-0.47922503472454125450
0.23502141621230310253
0.48442613862560707227
-0.24516271301464853671
-1.30862718972516156590
1.12230773980600884165
0.44037423756086802040
1.12224535392435464942
-0.15998627069501691889
0.20828674557772550169
0.55825298066251627382
-0.18096328066374792187
-0.23144809973007968162
-0.57603798739553147001
-0.47630799105237775493
-0.20773346285267021982
-0.31043453091068939909
1.02936265145031180523
0.26955734101364059452
-0.10610231214280001211
0.53392418774111938262
0.41667116879064769464
-0.07440604787958708666
-0.82510715486667429719
0.52537491020967941324
-0.61022999204506744864
-0.60571329512555538432
0.45053265192190428134
-0.12188742120186084328
1.11377093009766769960
0.83552899390770707377
-0.30758698439714354800
0.36467790615759215767
1.13012810845786360048
-0.04976187735686188329
0.54101284401472649055
-0.86208205721906427943
-0.48530801102220205712
0.88514523403422584735
-0.09246529932352286207
0.49048088705059211811
-1.14973961722590778400
0.42213083032875353684
0.72804284885984038578
0.68411967094697401226
-0.82278205253489522519
1.03352017030585097146
-0.70099919251022224653
-0.35588086355129644467
-0.59993506037881216830
0.11575087598040630088
-0.45627077797329618214
0.13107576005538731923
-0.72923885496269913453
0.42056809879338957758
0.19242672636486332638
-0.19889121503087917042
-0.31345885165461007116
0.32234233672638923363
0.30393110683319690679
-0.58591526928716008982
-0.31681743749177215808
0.37074142588875436122
0.02572080655366289562
0.64502494241896013438
0.31329415182636355386
0.38581114269217575696
-0.15597982650853967068
0.59707686524545788842
0.11985088154333947696
1.06603248156311214423
0.70486388876723393704
-0.01533852645550067353
0.41759961281418489509
-0.60254545741395770797
-1.09563776295290882246
0.36547737331846330555
0.54368686498771390259
0.47111621775365591924
-0.67560709915840955198
-0.69136470064959809623
1.01946010113897322924
0.31307639844015605624
-0.50093017807007245157
-0.51496331156337904478
-0.41419097546735023085
0.73850899482495413473
0.85466629390320736359
0.05690997399237238824
0.19091194184242760157
0.02186644410436785341
0.74424462510492417344
-0.18464468987311791204
1.06000459259765889009
-0.54331745230825156945
0.31604424252745938473
-0.11425366003726196429
0.07556268806032465091
0.77729898533292551832
-0.73380342228418438122
-0.36659775351614043437
0.10172345744134501933
-0.86910930397591623642
0.35580331942226173236
0.79800280974102688614
0.00419929326076525378
-0.01347116254474796902
-0.18224685305533519508
0.30509615190633160298
0.96052458825438380430
0.61419141364659046722
0.47512952085590098861
0.00721613552150239534
0.03589069202146016879
-0.10151205631951015773
-0.38283358609025242014
-0.16094734654379988514
-0.50745231048204675339
0.56942331005584567727
0.08916807437978849227
-0.20900941769126896164
0.26667361196928685008
1.14376928438984903913
0.79588134631562690302
-0.51929899547166569196
-0.37206203250451869158
0.54337085734922307978
-0.21631393152015060410
-0.50373402456582683229
0.33739969421213200640
0.04104842240404722731
-0.64173180776512661616
-0.10631323311094520445
-0.33373752455587540888
-0.13489818818387744326
-0.89138419525869494464
0.87327018147651447322
0.05943469532235255703
0.80110501479815032777
-0.35012475856863534140
0.03495141378137529842
0.22518036655986292671
-0.56542836273300534078
1.42029455421477468491
0.59667970712362572439
0.57837696696106777328
0.50878338332262229571
0.21253321312548398292
0.17095749253816722169
-0.25976324615327728296
0.38185556847467005959
-1.13903328658508051774
0.07832461062876062974
0.24535079614753491084
0.28280849952115727497
0.27800862698917877536
-0.33065562617564492331
0.19000193442854620973
0.16838552647207502555
-1.46678321925527210823
-1.01747245475600589515
0.02526046296558401641
-0.47898692938425890819
-1.30710199105937596720
-0.29792845513860910511
0.15570504874134213913
0.23257223475822752512
0.02805415069083390736
-0.10479606539903196794
-0.80448892862109488977
-0.43430411563926935026
1.21485463287250983200
0.03202356433167891092
0.25594252279893175972
1.37345830635858079383
-0.53790677980683132553
-1.24580554611061478099
0.09210881592309098920
-0.73537281903498696867
0.92965727007721365993
-0.14346721166547590776
0.54853304006524672420
-1.20809903751280023343
-0.53313343651754541153
0.33837834726146326370
0.95536812626799805237
-0.20147530543187819330
0.38226269015987612843
-1.14699052678626789437
-0.12991296519775394347
0.91320965919559127233
-0.06474072941880368304
-0.52480647177435035822
0.23776947896920588854
-0.30266774074949953643
0.10617892667866934975
0.38050066772800095194
0.83815328879766792802
0.57459328860165614916
-0.06332841004597308809
0.12310204195321265697
0.40378847408071222302
0.15315460097227118208
-0.43577191303589679627
-0.29505767334750643283
-0.76582433907544655849
-0.71199251923730655367
-0.30292956622815903067
-0.36570441254524316266
0.50483769875994433107
0.03779806820852919802
1.37471981950473476353
-0.64114831223066692800
0.30482640847041708732
-0.13459248757744690650
0.15035894724117229715
-0.51749452497496195580
0.19792114797816715011
0.86359377944687443218
0.40036799144669293904
0.68312090963936333843
-0.16823138163728923455
-1.32229025257030929907
0.02086542172265994088
-0.75998299426626891862
-0.34913945475330110391
0.61626789553699634627
-0.81802520987348492643
-1.07038471269395873975
-0.29704325130371117547
-0.24210926677121619166
-0.24777322871271278970
0.19209802957191474126
-0.57997827479696062447
-0.67962624328341181279
0.53908875059887573222
-0.98703512470226029141
-0.40256409680491944680
-0.18046062985045091542
-0.14628239631914261021
0.16930665638464226230
-0.18028753422898810554
-0.44160118659680946962
0.00575840903237905682
0.37440561514402798116
0.27061124138486414292
-0.34334026361271141603
-0.59116984358914148601
-0.38181289342287155764
-0.05803775140133220906
-1.08810547281500835659
-0.51742458618045861218
-0.26440505754939747085
0.71277814569689557089
-0.06632811443726767398
-0.28708049207945574022
0.04084401552779386158
0.47461060750571804068
0.86743547689501188103
0.33441434470440900562
0.54544663634711310074
-0.46243096238786318697
0.41694081026558849068
0.91477107563090265252
-0.27425982272878579593
-0.93112531091746142398
-0.16587399318868595310
-0.32184104239588795515
0.05684825799308564076
0.03686879301809427301
-0.35312155607706791072
0.13426238455801403626
-0.04174418021001751605
0.23840690301184350175
0.32093977701044873463
0.60928605545698744095
-0.04541859340406137480
-1.59406148336831043899
-0.42246840277595620883
-0.77857772075548359325
-0.01999871039319843155
-1.39540786503692459952
-0.86180289268260756863
0.04392899019857184062
-0.16402534000636798117
-0.35097967431005921979
0.33412777733548176817
0.08300303854485080457
0.65085203513616296522
-0.17431655518397187743
-0.16554582006057771970
0.28209252932621958765
-0.74107210719173410851
-0.12291584606814182079
0.35537299403649380558
0.57403397640036857297
-0.74659430559314765574
-0.44773040378914796822
-0.84771676852249600032
-0.24137772642278695900
0.24824821324619600338
0.15610543291331813176
-0.92416770650681823174
0.04899566417829745446
-0.10140562857647031358
1.24662215551548549719
-0.84974068671845592871
-0.36580592005571882508
0.92574923517094309666
0.20599983498265198034
1.29493231651404161475
0.52037434756110656497
0.58746697937609149154
0.34022610780831635813
-0.83188301752934157296
-0.30310410642245444457
0.24588109551852271872
-0.17542245635145650717
0.53214221445442577707
0.32279761644767579476
-0.14273083206010783730
-0.29415593875018075654
-0.30982791242929347275
0.50243611703030444104
0.28713840438941568012
-0.30370285520283446523
-0.76884402468332768699
-0.11098383829836773462
0.23695490893015877520
1.03838548009236064651
0.90117728819806430796
0.18852546182616014558
-0.16673547632368995730
0.76866766016436660625
0.40839913251673226613
-0.35730705691032332849
0.05573099129281759712
-0.47091835221524924737
0.95753359962287276641
0.82121115086286755602
0.21190507834640406881
0.49602723971717266327
-0.23945661531704520719
-0.18305264207029872670
0.87040956715124384591
-0.43269010091611115332
-1.11291150884139922184
-0.82942106502953150127
-1.02730633708096275036
0.35878863513251108008
-0.60853906827647408218
-0.35235204104059747454
-1.14129706227441896083
0.30633376943477724774
0.28275088439111667471
-0.09813105213254956494
0.38633442475488966039
-0.91634741575500300304
-0.95686576007732482285
-0.60941799779882621646
0.11243999506401620991
-0.20952773748480602034
-0.67233619618282369768
0.50167005501083106189
0.25782959024470397669
-0.23136380123572294898
-0.26526912315433853751
0.38204069075276586576
0.64689329531907968640
-0.29153144254563834181
0.30134049327863743351
-0.12923471353449098031
-0.25447188085232697041
0.58440755590456949786
0.49301888032429375119
-0.39861444395136552687
-0.70859851666860917963
-0.45665333968237620255
-0.35059154913356499472
0.13924951737346821790
-0.17492256866921651604
-0.28671165860880520881
0.07861979716280441399
-0.80069211663300332571
-0.32045705289423592754
-0.38621894274551432646
0.63460688478688009884
0.89711258929638904025
0.63430913372466180000
-0.82395422798424389210
-0.02908567307261694657
-0.20390986555273496461
0.05496545313160380863
0.18145402888252190610
-0.90258486291124084833
-0.44814533356237817863
0.41839095774759371693
0.38312553459748005524
0.07838154267220361071
0.62724549286447572882
0.81823132754955441026
-0.40913389739045191718
-0.70811130833422386566
-0.01304223360339906539
0.71205602997953931776
1.28515140119764881277
0.78652785299967042931
-0.59992197752559572876
-0.17789822811597197361
-0.07070228265425212988
-0.10096365735235401928
0.32888757332431761693
0.69365150734838332269
-0.08905060531700138837
0.75987246656786544552
0.01126489147204188732
0.30571371278748721290
0.16407641152355709191
-0.36074899116350372941
0.20194975998822978225
0.19876993115129401590
-0.42680094825437941974
-0.41456907541892090707
-0.66647784925209618834
-0.72238746930527819590
0.85885526655930199968
0.06020800106975900817
-1.31236972007568142295
0.36342549044201649666
-0.77196087929182721776
-0.67076177244445889247
0.32778734065285863863
-0.93455683831075742063
-0.84297369972672264726
-0.71667840589587195055
-0.24871670393972225566
0.52504736276489749613
1.02971607299995482343
0.11797027958698763639
-0.28970193874090000019
0.41632905897694405528
-0.23332576860132289709
0.46531249047123807161
-1.33686410712620773467
-0.36821159882338477809
-0.02531218572817739085
-0.03347472238951225421
0.29038041686364113314
0.02363591598816745451
0.45404155729449197088
-0.23403149947879534065
-1.33310775033028305891
-0.67019595483386062984
0.48986910246305309657
-0.21344470560258543834
0.85676779622479248832
0.46642248083735993180
1.00182807810548268890
-0.65310457577417357911
-0.16003119748768418473
-0.00482308348375242585
0.88182765579823729762
-0.44801829584664037975
-0.77284662018716498988
-0.26353109001713082016
-0.41053345263463475456
-0.42683868331792357287
0.40037780912796838706
0.23944562383955123042
0.38079914910835410691
-0.03193959055229628197
-0.42127314103282859081
-0.79911145705311037446
0.21821295212791397278
-0.23821037627487881561
-0.46136013214327625809
-0.31608386660531179180
-0.02684674708849382752
-0.89275483731702365287
-0.75289013008759864132
0.11553648235488782336
0.54356667658569723933
0.30183137625221495570
-0.07180266106981171570
0.15708129835373971228
-0.14621566493675447473
0.15029329354150505749
0.35042412413585688480
0.84368912446614408029
0.66280646591936631662
-0.05665980746054419259
0.07776233027060208691
-0.08251776174029297473
-0.04362640136277570052
0.30516082832654600754
-0.26280598478127575879
0.34262055561369481049
-0.92129698152016614721
0.29331945082621729837
0.93621502952552282384
-0.43570969420616728618
-0.79174208556379443991
0.69916981817670553756
0.27343085805633826624
-0.02594923444495257289
0.31229997978449342000
-0.12084469602412094280
0.67842651319687030664
0.10958657751289593851
1.23442247917671910074
0.00364705244251485334
0.85179147935696275518
-0.00641718413224710502
-0.78626104694576359755
-0.10574156963538081100
0.67679447860490649092
0.28979981752700950670
-0.66546726356444330097
-0.05088733148176372706
0.75644794204557641581
0.95831193448141460678
-0.83289585824785350443
0.57385379088689669747
0.58033328998257760478
-0.01878797999116059783
-0.57258198462808840290
0.85679385163447774332
0.48112965339405211473
-0.15683751287595848467
-0.66565071778601314634
0.00203319000114109008
-1.23942371960808817022
0.23110959462568000933
0.43473416891744720569
0.22130313405670742899
-0.24021613651821863145
-0.43221473195126636213
0.01136239309684548837
-0.93839452607647111382
-0.65892068162323780278
-0.26343628720324058223
0.31329038734585923365
0.42264695526211321086
0.31052145593984342709
0.29853307391321065589
0.77272825670357081496
0.17985441425971998575
-0.11500714975412339169
-0.60636796556860705909
0.45758419548438256097
0.86004808997051807040
-1.31814696433807077014
-0.71302054672424641790
0.52474989808395544610
-0.63779584067177341744
-0.78702001759328055197
-0.18608510799725475060
0.77949887979027765450
-0.26461482329846569561
0.77137503792629957822
0.81759991461986869510
-0.46074232131180165029
0.06999078846107760488
0.72091876975003099659
-0.53767240812344652134
0.80442798371937096480
-0.12900716086402116978
0.67544392960414956217
0.12816044649941857325
-0.55325199092997245920
1.09056686215935028095
-1.03818359791580827611
-0.23196128950308739225
-0.79036190542631790112
0.37051958621310726594
-0.29489225033988580860
0.43730980977028655055
1.41021873369399486364
-0.44159540413580256057
0.50982993497502182567
0.26089796333115539140
0.54035445424492245525
-0.25432893929372196729
0.08598547267398579108
0.09166256098531300189
-0.08975640229750601884
-0.26335538497742805308
0.07983647666764119577
0.98807761687892936564
0.85664857016664586187
0.36502955726971669792
0.03860708374191655634
-0.27393749566991781874
0.12090090357370110452
0.23461161106269215471
-0.42979530558340839352
-0.07103683608622571310
-0.50766819152144959659
-0.25801392864710648301
0.26353788680241163611
-0.90812614373254008093
-0.01983814796600650437
1.09915527229129139641
0.90231236202689824033
0.21429243201989814360
-0.49133211507763585590
0.12603345472187349463
-0.00762841508597080636
-0.30482790327243919348
-0.35438619146793431947
-0.09597279319953533339
0.68180545536511449889
0.18932016827556069627
0.00259657733178798129
0.60228692182599985472
-0.40895673856193137663
0.19535289515413256645
-0.87062620638622556513
0.67027523184877868534
0.75382100621804026819
1.11314596042819435873
0.50683613286413675691
0.53016813762404102484
-0.72521937102513733819
0.34183643895129223189
-0.40473812172702022805
-0.03007770554053077611
0.63338075532517712496
-0.32960745233422616973
-0.02813762193388757646
-0.08433149546698459620
-1.26629581898347010060
0.11619510215714923262
0.01481365673497662960
0.82359864485527278788
0.70240888876302132182
-0.26043090208636154870
0.13433411549311946587
-1.04418973929070535434
-0.52719603129111602957
0.34579990781519254206
-0.15492370182624115582
0.42790070951526887333
0.02233329896186400654
-0.38269564410719608682
-0.30731582336661422694
-1.14235111359011543009
0.59772880284718488131
0.17773094241249146052
-0.61194739382209295542
-0.36664275849690264319
-0.95129979427793498470
0.13288427890320833602
0.10848656016294755400
-0.31442883246809916198
0.07136662855780374903
-0.22016452183210932780
1.00357807422854583557
0.13233250668126264604
-0.80376620777021934305
0.02121865312480005275
-0.05217716925459257860
-0.18719013771026352111
0.93369039969725231565
-0.70796388520405828526
0.85115655336286832888
-0.21926536385680739372
0.43120717852334533582
-0.58251408859958486719
0.20938974482492711537
-1.28766730151206698629
0.13653069434754569467
0.73982228368361802051
1.27411690052456960665
-0.42597029075459375003
-0.75058384590716331619
-0.35953724269745973574
-0.60185706286369622386
0.14478541934022831628
-0.48878339358054018193
0.15226471749409378753
-0.22427668250380611292
0.00198255062751017579
0.05615311579616694138
1.12938468272416692173
-0.42209873039336642808
-0.23980766857311514029
0.42477372012026692882
1.08182042670428635311
-0.05042207908893581170
0.46033599055341378747
0.11999703764089407476
-0.23400938920919006625
-0.25231994218297837396
-0.17197988711069694956
0.51125072092264201018
-0.44583219683593566796
0.17806478130604894150
0.22462089459329534491
0.34880145639716719774
-0.24746068114175173713
0.03178517557464579507
0.70833407634910006134
-0.78013502656596134255
0.93982176243731019305
0.29368610487319440905
0.20708208543738360063
0.65760330112366716104
0.47041458269903713152
0.34850233598101248988
-0.29327076779880900670
-0.34900556217196593289
0.02024858749735767779
-0.12141479259079986097
1.00176896531471171237
0.06383922339421303771
0.46170288090881794751
-0.12384968986084786413
0.08440397597200789692
-0.56530556315021562863
-1.60710804915764660095
0.94781513024275820811
-0.23294380338171200018
-0.07986468699023786810
0.63673063124333861840
0.18506280477026190723
-0.31307814838006092772
-1.46021854280162033390
0.17662452311480109080
-0.20590655197311322211
-0.09830476415934187584
1.13886315848909913662
-0.87130416958945389183
0.24388098697818677563
0.49855603727885650089
0.32643179366410851605
-0.61568262188148636938
-0.29186561032225988299
-0.06596355416728816312
-0.46664117684970440880
-0.89604158734543293274
1.39721548338174827997
-0.15040770145716067518
-0.11370496684776232321
0.13541970295876840091
-0.11701695151222138436
0.87923589891893128012
0.60072838878143575148
-0.59317239542001298780
-0.06731983246061559734
-0.12483527731235462277
0.24941291966453946194
0.09892295819254982858
0.29126417832276579878
-0.20094153043745183185
0.55163709065039767676
0.46594489007877343267
0.31059808296000218641
-0.76972349871833001256
-1.12319335570218648002
-0.43443335011720174421
-0.58960106771696907391
-0.70636693969205599508
0.86433206455314037786
-0.64131876708789126162
0.85158614875611893247
0.35328676610112408341
-0.43501135998568329910
-0.43903405954165014569
0.62251201996301852581
-0.08063756347742376263
-0.98110151973630121969
0.16263964206373560106
-0.41731794639542935110
-0.51458326452641500737
0.31214357205674242435
-0.50699134079897156813
0.48060400969675887151
0.15854482979070666504
0.05738235510021084257
1.16319260178028027752
0.99011361973631417666
-0.11344635950984174877
-1.10390820760706809267
-0.61038771542943026649
0.01908198903665228596
-0.51667362721609455534
0.04724687335704549906
-0.41540942829431953820
-0.33738452709745236913
0.50154711925728923116
-0.72695385972330417435
0.61157562480455696097
1.36714735912245943794
-0.00327959335907855110
-0.16309949993415434610
0.04658612043388989793
-0.09210231365491403088
-1.41754216885915917956
0.87449511708588867354
-1.06009703116711784254
-0.08260000894324667775
-0.01613405759069337642
-0.88530137685656895563
-0.33556358553125359423
0.38476266428687105892
-0.48077500042810900061
-0.06315799136162379701
-0.42135273703569742221
-1.28497883306979443496
-0.08831172337104988002
-0.04199438216039438898
-0.70996711019641711715
0.13654007672176673993
0.23848378892281513197
-0.43469663807376973663
-0.87116447192385637610
0.03098175200017071196
0.26584536308271367044
1.26049248553522930116
-0.80457871535429925647
1.00572308409133981399
0.28835469560258464305
0.54555481716083198407
0.93619055303118126066
0.24118875584269103274
1.88291637061017347321
0.06618742928895968158
0.72766449662359089512
-0.43939778759468595126
0.43041244641881776234
0.47632116809167407423
-0.24030606806119547691
0.03804192246559415236
0.57422747088601455712
0.29073275777388024599
0.41814609678223824130
-0.04055443136305686425
-0.43766073261477228540
-0.35915353178825171199
-0.03464642276174032670
1.28732559134677204682
0.71666685559351317458
0.04333301434460605506
-0.66132400341920472009
0.94842014339173297266
0.06988790109367389036
-0.30776122094959962316
1.12976467383849610293
-1.29908098117231540769
-0.43829423528592814652
-0.19155526379240495061
0.12947125726711980476
0.02610421329337458268
-1.60714652731772966732
-0.31849879638077860378
0.09340652861819009889
-0.66873578784368037375
-0.99527634797946529233
-1.00540560715051996432
-0.66806181399559105838
0.11170577861760223881
0.73478181325829960979
-0.67448583083972124541
-0.51823756216681005071
0.84791561172594442919
-1.02891992992228797910
0.95566042562030084628
-0.28759245238059022443
0.70579434010816288758
-0.27887913886404647190
-0.18603551805693246957
-1.12744505668878680638
0.49694886716162400830
-0.11005097713529948811
-0.47563145147287005932
0.93829494266950275172
-0.38297263918531315730
0.50038274737455024077
0.76221909305193846773
-1.63419577729398080024
0.06966559479583635250
0.37971494339348488278
-1.10494064518223633620
0.34480035284553911534
-0.49964417013008743940
0.36231377089667332614
-0.55852534709006773639
-0.00274810595609423919
0.34021168798311113290
-0.41625088277558236483
0.85777214152581038320
-0.32580133323651849775
-1.27183225786754250386
0.08071780817849857903
-0.44359270687122959176
0.41582309716407367395
-0.46537312115806500623
0.40376894367009263931
-0.24521124704516739090
0.45039689809143429455
-0.75908746337169252794
-0.67634357729988270336
0.50995760086716634962
-0.61784532399016856008
-0.13759414052891413838
-0.05202750787131142640
-0.11391461484684430039
0.35779815805582654287
1.40038797672179682330
-0.00103813882739938043
0.34160514732353269851
0.12125675483840744895
-0.45815216041830669758
0.11744270643677835742
0.05544329885555654425
1.22505768824648653137
0.05601263353334985651
0.70844624337375994294
0.09719105456998788917
-0.65095693148159272656
0.12691517512956770886
0.56354904578507525326
-0.54263189484358542725
-0.93466815532908642528
-1.28819962028122070308
-0.88183268989534469018
0.40261554984685443692
-0.29529864135939326575
0.28379997957521752028
0.54754552566022940407
0.39631971524613091029
-0.99455379714640146371
0.38228459653567908871
-1.12142294283152810230
0.19628713759283214491
-0.05282858615273669511
0.32162618340685750207
0.05024300214486775162
-0.99720582943775348816
-0.55790464899315839187
0.74346498760519874605
0.26684719930871864113
1.47075044172316293789
-0.89556878063476130780
-0.23023366095583541746
-0.23002808969036214748
0.91632204775044501233
0.17167399342840045096
-0.17902942957477363528
-0.87255273588206339053
-0.76081331406437724407
0.83144763676960842247
-0.76575831479234957033
0.10054306585939673524
-1.22899063575349165589
-0.76800793022873126148
-0.57975477613002235344
0.36828285763317519796
0.02195064160067676517
0.15685911008040617776
-0.04300212168795717466
0.90449266647079407111
-0.86648430020395372786
0.42520894523774782625
0.23447050895798818293
0.20326730150135785546
0.49717663193524586074
0.86028311786862710075
-0.34694614722281924557
-0.31577085813306077222
-0.80627067166461885428
-0.56066687660441927310
0.23572063909309742824
0.09829101927794489657
0.47939785075849516982
-0.63936483004453104062
-0.27748155515975925223
-0.24217097044191096544
0.71956221618458282574
-0.73039652522776365995
-1.17439517158292883181
-0.63337820715068871014
-0.00740035015309047778
-0.92581780986255024501
-0.12390356344337226380
0.17747439647281718078
-0.31908260724982229206
0.02388036519842033981
0.37698224441954397701
0.18358710795350166589
0.98555037492305852531
-0.54678554587996086589
-0.55735656225452756551
-0.35172753624812419515
0.07993779283986632289
-0.80395570851789988076
-0.20768179159427663238
-0.01532349737890578018
-0.22449217535473300900
-0.87900974125553821281
-0.12189756160091166914
-0.57981618729591699601
0.16124846866832789893
1.07869348872249459781
-0.26903045031507571982
0.13526438135490045922
-0.13727306776677392075
-0.16327893910978619196
0.03771205744007336685
-0.47642264497249353639
0.68019157165440369273
0.75663568153231408608
-1.01005126047899018715
0.49125703576815582529
0.28215307572670056402
0.05427981258004382220
-0.40271233770854047984
-1.51653275114069363561
-0.55263186581414069920
-0.00934628739051911878
0.86122808031230058123
-0.20626541372722681511
-0.51846428543825073820
-0.31634211577386395220
0.04949559740901423449
-0.54146797222071330058
-0.20315305904591357544
0.36726919946694819297
0.26476420890273044684
0.94523889524403448270
-0.56906713672870090637
0.82680736055465064993
-1.25418310508768637845
0.41315741603176980856
-0.21895946761493365051
-1.35319557708993087886
0.16427103487464544962
-1.35738387140655114571
-0.51683834018014329637
-0.20464558487044040569
0.23978742404901126628
-0.99899847080233794561
-0.41037711249948383152
-0.64291782689286425256
-0.65818227712856169909
1.50584101386900992559
-0.42431291373759011387
0.20884506600332239379
0.19000174275050549233
0.09574433145143186608
-0.63742221641907559349
0.50069505362637689583
-1.18115139576500394192
0.50955302303424721000
-0.29190360411794008533
0.03821296506170384494
0.06450905724064162627
0.56551265820052531996
-0.61195835788399188804
-0.40697595163790090123
-0.47522393925430078676
0.30216081341237222002
0.03947419517363449926
-0.26054023925610914070
0.71510049599876956972
-0.24128420357297078458
-1.05944760214140365484
-0.67578234953351368208
-0.04572007337705172314
-0.15573062337591642157
-0.51870464938420146606
-0.15993996961338896590
0.56919276239527483163
-1.20839945854154651173
-0.65042017304612986806
0.69385069500608986814
-0.11490447306128356852
0.24612611360744807154
-0.30112986154711984810
0.16121725606475342807
-0.25707892735179771471
0.63744893497875854127
-0.05924147048922954323
-1.53194731381696080952
-0.23870144128200010414
-0.16851013269866091382
-1.22606549221276783790
0.03022027537914423814
0.00897674923542673801
-0.09758082671093458449
-0.67994706246699332386
0.01688078160350326914
-0.29695575625113757035
0.26279298961452951522
0.88297833646274703767
-0.27191348728136316426
-1.18747791420317194699
0.90716809015184196596
0.01439969920975680412
0.71601467871015456179
0.05502380059419409442
0.28126395754336497301
-0.20596768799186920829
-1.05607665454835175645
-0.81707470894550349172
-0.05910627406913840365
-0.24740124479266306645
0.34350858545605955641
-0.36800927739936117877
-0.28988409663946707040
-1.40014611151340329087
0.70113056965883380212
0.13678932343156821605
-0.56677179571621749687
-0.42309794034504510929
-0.06778514196640607337
-0.43493567352009970817
0.86044202325881513627
-0.67741957737864133549
1.19650820901902732452
0.15257139168883748770
0.91658364298786054736
-0.36381897665561330202
-0.64347917934330134404
-0.23327679098152942494
0.07092342715014171572
-0.76567981395073625439
0.32020239813727818801
-0.22451667426826191210
0.53584946851051340477
1.70347655102899508961
-0.68577581014701616269
0.48449211420132681782
-0.86864641026997413409
-0.62017990926423016695
0.54366039400335031129
0.69710082582890953162
-0.17363588782729597049
-0.84564921578088270149
0.75008514607351639558
-0.57522369589771504828
-0.67495263822069406778
-0.45957065468298413657
0.55396820994837370211
-0.64819937945453987016
-0.17652007008581069303
0.25576088922482881349
0.08404108007750793474
-0.99104468368024689617
0.46083257550860573515
-0.77428387200477510888
-1.05741568814598130288
0.33888907496476816661
0.05852880298137286275
0.39522100783151453696
0.19044863583023677323
0.46954807755100180788
-0.17712901265479533142
-0.27241531024151449669
-0.24018253706265524361
-0.32781987613726654152
-0.09324192243557072324
0.62234179734133332484
-1.11517822326158033697
-0.75967632566382548021
-0.42562395200782038307
-0.45005538109449239048
-0.37600007453428557769
-0.60999326552571941917
0.29885804545622524087
-0.19434402026175759404
0.75050694704321319062
0.01682579320235109283
-0.83104363738789910343
-0.23509827236476185663
0.15060154787139318211
0.24492337036888733870
0.56832065346348537016
-0.25960494444630416444
0.20639800436443600518
0.40828102126316867526
0.63238895419178609014
0.03936287732820541868
-0.10344437863929631383
1.20468038766559315533
0.18689327663629051735
-0.09115436376439245425
1.01695473444086204040
-1.60879823718953041123
-0.19245191398342828548
1.04280325213890501246
0.55053221514234762513
0.06917051677361182871
-0.48795726887435664221
-0.40003372897878602954
0.52581520551916072215
-0.27632717631481568121
-0.52450421392078516725
-0.18859812966614422636
0.11106799520423828176
0.29311642402961651799
0.16264774631410172656
0.50805582520389869217
0.66217630200920041261
-0.37335415032789193157
0.22946469244923917152
0.13323977117195870412
0.55608760873983831274
0.64241284945965959619
1.01366234039118441324
0.29316797177425341081
-0.72326295426075870587
-0.43289868316686375138
-0.49853504018570815592
-0.01102483389675650710
-0.12620773758565018152
0.10465359987391663343
1.11473821026958974656
0.89863547099094576165
0.12913563568319350039
0.76946513112673087242
0.26848649392267592839
-0.22817276789656026903
-0.11716053584463120840
0.65942641515903888116
0.62434147493974756493
-0.05479553271953273991
-0.31516020048920950769
1.77962350803979174607
0.59215156770040411338
-0.14316151997819598352
-0.52148447665122688033
0.52712146959862182793
-0.39426040836360776165
-0.13750995731933968180
1.18243840663664867563
-0.13399017408617752700
0.39447737149033551551
0.79756189885799733119
-0.28199012628495467858
-1.05004283899945694003
-0.32365366263946732106
0.14427061981876695973
-0.72500499348494784613
-0.89582683130794693582
0.25969115206180848343
0.09890080772057117942
0.08846793141308575970
0.12835144692771879860
0.38393099672143671253
0.36115130599835754133
0.28374891219179260160
0.40106784844495974029
0.29721060460263953873
0.16940919600480475182
-0.46967547924560920647
0.68862147343955515399
0.73882539309934180949
0.77348625276271665285
-0.00111411498371152698
0.07868562254692502977
0.80796604708192309996
0.27624786808136908567
-0.31454252466421278589
-0.10853560132050628362
0.35973970590501946898
1.08425684296981872379
0.18171927103607996012
0.58580568232407803642
1.32007991419977588343
0.11174968513919036894
0.44752774894865721134
0.60063893706460336208
-1.65860990328324486853
-1.51977556226564280983
-0.54841373487159772449
-0.50481249800092453661
-0.44153751033254501346
0.03474351819210522163
-0.94368495346091052500
-0.55481942440441989195
-0.27799853270219831991
1.16052328399223214639
-0.27582661620082071785
0.47101467951024456049
0.14236503351403334561
-0.96775513060558526757
0.40050938687034121077
-0.30984328926879267652
0.39666883684013343192
0.68086530129875133532
0.00258082850296773416
0.47421012904091330853
0.51498734470872853386
0.47599404889457497259
-0.33808852796366217763
-0.49258111286780537075
-0.21647325945261633451
-0.22432598787886443015
-0.62508258709648656382
-0.93072010136061245067
-0.93480988211466886639
1.27881134298243615000
-0.11273010942347821972
-0.54406808153770802594
-1.50743490194698304130
0.87835316562398357831
0.82435335958165989467
-0.57007836336025419222
-0.95825856356868388541
0.48048235493502361448
0.03782099389225359459
0.61905306906817691992
0.14327910493728174268
0.64932396699273120522
0.01908747459878099711
-0.01166046930142248042
-0.13624288979524148968
-0.70476408364246023730
-0.12952269774498342825
0.87006839150804704541
-0.07989865368572637849
-0.14469597899163372245
0.27129314988596719971
0.26452646770980048352
0.52683705924858914571
-0.03676885538967301220
0.16194591429726734599
0.48443800553577037737
-0.08137599191378094843
-0.16045628869625139235
-0.38297367724193936978
0.50150557252899352623
0.11060945784189336882
-0.59462974820269876020
0.15922157233014455624
0.61163124453331096930
0.88399007770099202741
0.17217318516695687136
-0.29102381428342810610
0.23651138549188338578
-0.01599153691638731042
0.28069418370074278313
0.33837459116838369821
0.40152982459567371221
-0.23815507686166539902
0.82289714928685175899
0.15503569824831581192
0.28439056193678735607
-0.26015390460010595630
0.69596857220082131157
-0.42002089029230738060
-0.63679000071953761886
0.27028789863299856888
0.80862691319781765387
-0.47019038623358339057
0.86784890165857331290
-0.25054112119580862483
0.21789164128768506723
0.22472069217828979926
0.21612947272595364745
0.26938666495461777162
-0.01259619355462751958
0.01477105654609221254
-0.12689443188853732902
0.31597571496749798925
-0.13312027147481611533
0.39227761636109992338
0.68456691706076111537
0.59444975564241253618
0.01221942328428282307
1.06304177300573887699
0.19023300058461178885
0.10907683478732412008
0.43913696017103820424
0.07404483480163641385
0.47409800892121028992
0.67249193118242323042
-0.40857958951854339569
-0.29943197626119039123
0.56484515789497613536
0.52943373224081913264
-0.12602548555739354064
-0.46163963604632041182
-0.27381088990771729197
0.44272428772267807817
0.77428991041233408144
0.23767031473887270665
0.63944391388447641145
-0.45444534910418965534
1.01650578129586288689
0.44399057179667300588
-0.19396335966352312719
0.57343655704920304395
-0.15561420353179106213
0.54496634750006722747
-0.36093310768165975944
0.86622867868533193203
-0.16431465082753538010
0.54796087430602780088
-0.35787182392178396029
0.58203539974905160737
-0.49385852272172731103
0.22279164091356540300
0.34451296146558496591
0.71057781157097388292
0.44042448274564288679
0.05091573227353678177
-1.06075739502135113490
1.49279096928785226517
