-0.35376902196060261430
-0.03328233140744310536
-0.56734056445607694563
-0.11123146087269882021
-0.25876967258029764940
0.31837280998591549475
-0.58189604602616717965
0.11961369416393152765
-0.57223385260878045777
-0.56158446655276772486
-0.17668106389458393402
-0.25253794145323310572
-0.32442598586523457849
-0.48762858966914363057
-0.03923001225309524775
-0.31011151262593367184
0.03585230558949510649
-0.33194845249577387136
1.42258911761216721992
0.41827999920784658672
0.56276621785386160557
0.26544582577589759254
0.58607252632274631221
0.39555380176637222611
-0.12287119996872383765
0.19340397882973062171
-0.04362454478399161589
0.04800203342342972135
-0.47998930171872167261
-0.55905026800030610534
-0.44903922568175802521
-0.41838892852794445920
-0.11180345816670328452
-0.02298828381885688332
-0.37547809255708902709
-0.18879825153238810609
0.33376949386300053257
0.07752881029378289046
-0.38677115006764523075
0.14943735944533445559
0.22233192727421330348
-0.30724884589916812150
0.10322828995367426541
0.89845441851128438060
-0.99526547730408665426
-0.49945712908064976432
-0.43058088323406845666
0.08998084405787939999
-0.12421626011664031741
0.72397502984571648899
-1.30417938187568704933
0.17753597832524339872
-1.30832591230866079890
-0.50813285345953917993
-0.24626169963517099970
0.18749111546230551317
-0.20240896139848760238
-0.00762335409847597883
-0.09959450680862322325
-0.02814165145659950490
-0.12701831067276611598
0.63812824886013186365
-0.52857310439215832165
-0.11203673803936120557
-0.33121870385225232747
-0.25891373609115309051
-0.15120993489594244941
0.18831954884535254124
-0.24360006184630844661
-0.00550770221602098469
0.22445500869620998996
0.13405205016625179604
0.74658819737427006835
-0.15488458994190279494
0.36970344528511550619
-0.39835865529369207660
0.58714741365965683606
-0.20246637355342653186
0.81171266872192182618
-0.23418305441893322305
0.59901752936881058620
1.05557271522624906979
-0.11152927703665645176
-0.42822125189751103491
0.52563919382440726924
0.28790482417007579041
0.04511294547242625241
-0.32232107527446679507
0.41561641797278958688
0.27139773377200626658
0.08300852703791201936
-0.38905422691064478480
-0.26595796599473142674
-0.52571422106349585679
-0.00091192531490378443
-0.08273763504755511644
-0.08928140584491917053
-0.27650044030883946800
-0.27900592709470767305
0.52949710423661344727
0.19136107462707552251
-0.62586071044912594541
0.45123483656421287114
0.76572313672575176291
0.06796095418964406831
-0.41260122345652905373
-0.70878357084115461983
-0.20456861485396482525
0.27793297810074762966
0.06519459262144131073
0.08011489608980021382
0.38885398538100857113
-0.37987961503799805296
-0.44955859156452959713
0.63808188841831403604
0.17814391572808338515
0.09993957649636668605
0.55223352101336364850
-0.20616523176979137388
0.22296319399706859832
0.07899592330377486205
0.10002189631543599579
-0.02614888945069467757
-0.04688447492702110808
0.00040235640555766404
0.22588794080106769369
0.12004209866290203867
0.06261490300873326365
0.05016928614158118471
-0.07017402646450203452
-0.34633456916985971841
0.09767904222811470138
-0.20684518538575366597
0.46274105089500078281
0.16876007566615544575
0.65750824416465047939
-0.46347504978737485981
-0.51976823743751421336
0.41588086105581895113
-0.17950650951389790499
0.21113740069588637915
0.02925006293777528132
0.05285206674195293275
-0.44886793410757069855
0.50985857149249247389
0.34746413893913402626
0.16699273058752342469
0.20920591666265322961
-0.13593868761285030078
-0.19812068161027232560
-0.32871610364624637146
0.03537656218021784787
-0.36363674124534345333
-0.05608264027533760299
-0.10204546066486615274
-0.72775904539956848271
0.66906620282620821172
-0.24883051840015024680
0.22281177543335164981
-0.17504852323293240701
-0.25414067758669278696
-0.46488456102417469173
0.13473958212873904383
1.00178553257347147110
0.14943504555317424498
-0.38236861834900010004
-0.49235339152775409177
0.38666035416173166750
-0.53058854456677762013
-1.18307183582811914491
0.33249669789204339132
0.81132011548786309163
0.16656518058138516936
-0.12135514315042431055
-0.09716778187931857103
-0.07795942730123867070
0.46606754998067406737
0.55585955625309479977
0.48829676741662980666
-0.35979176898779946514
0.97274585428552340360
0.25008910799469519226
0.31507706483759267968
0.50530904721788516554
0.63920430634656444369
0.01118886574541367099
-0.48104536520614821216
-0.02878253711416336666
0.35285725286233016185
0.36827172869136598488
-0.02927001446200141327
-0.38972064045357535100
-0.02937772298962273987
-0.47323509706737282299
0.42712227982297762408
0.22379110248889591550
-0.08254699206926235933
0.82328597338477105261
-0.17860393457088774571
0.03565291361598700581
-0.00478100572359528055
0.37386121612953771010
-0.30622344839305015718
-0.40527142206625149656
-0.03019230114649005745
-0.13596878205436135900
0.24925484701528211051
-0.00181858703323468408
0.00281475412703832695
0.00959116753556820550
0.55300913103031035245
-0.08987516033736145382
-0.21270026063986843812
-0.38936862282034989668
-0.17418942559525676939
-0.00092808938732276023
-0.26410343270923059000
0.21589767686237310018
-0.04953202894427971570
0.02837303813152003418
0.19170275245499743266
-0.69597473508167406742
0.43099806400826851105
-0.63427187539337182010
0.19053446716495314739
-0.06850792012970434441
0.50854694845111647616
1.02709450885690767308
0.13344791151729812340
-1.02105488771005870063
0.47911186172469388822
0.35407349434258666987
0.38149673943568146450
-0.33560249048509455116
0.98351439935879692023
0.63432712597546392352
0.20182275442494673756
-0.37475890334012967875
0.56336317700913784989
0.46971327847164423552
0.08132294817935288578
0.56684835405724387503
0.34347966906984950253
0.10752785850570634185
-0.16976107376901458657
-0.41200421283994070887
0.70348101665834861240
0.82309849795070422207
-0.07633914856062508358
-1.09658682618420821875
0.29717165115959809363
0.79210371745143415279
-0.21007397780228123652
-0.00171839219519839912
-0.31240894371020383469
-0.31277029941098755117
0.80603155134038273477
-0.02841343996807478567
0.67909039593848696814
-0.29007074488796341649
0.35834465960960976139
0.74283387520866162035
-0.17798408648892583006
0.19869086379804298814
-0.34068420508985225448
0.06568832939350627287
0.19414108756249640053
-0.13418313262918571405
0.20472016484934338343
0.14779755370462066555
-0.20304331722735829979
-0.24008896025256939999
-0.23884618700987411688
0.56074104818999037647
-0.55401339673205129976
-0.83157406835200264883
0.03870254567514651300
-0.36960148348763161019
0.02390286957786111680
-0.09672479116079085726
0.28355187651015761885
0.42358529626683261160
-0.17656274002629238074
0.28024224137613701346
0.01373352890621939472
-0.45416722931094283267
0.37743430138359385095
-0.86788347630666340393
1.06428484715764959390
0.24377892232370304559
-0.01282244859583610112
0.66371904909512235982
-0.06008908472274816087
-0.68673392717436976262
0.29213765085645299058
0.25621338508708563220
0.67506748302574581810
0.24394983523887289745
-0.16319181568199409016
-0.16781523971107337179
-0.20895006956575404300
-0.01100749183422463848
0.46054279618890808790
0.00750819724589943914
0.02679905310749720881
0.84043485901152759077
0.11394924875295106559
-0.41087220097292759258
0.39120168147134615211
0.45197927487402006497
-0.45663679093959391730
0.05116931503842027384
-0.12537223889011664402
-0.73524411972764558421
0.39336130151425746648
0.28567976298125297152
0.00620176903862714336
-0.09321719890051391455
0.30441698074559719878
-0.03551371467378732633
-0.10820188271971917238
-0.14975584877980513410
-0.13812406500350726812
-0.61250835888388932560
0.08829203245617174567
0.20587311833060373267
-0.25122022285392947571
0.03272545730529959757
-0.64910799613266634278
0.60979905668375289363
-0.52893480557786454188
-0.11886500003882073673
-0.58234004002717110193
-0.23807221870059919189
-0.27808939612806293784
-0.29012317541037468960
-0.45208918267636538646
0.24517031145896636679
-0.59773147453092512205
-0.24295292559747691530
-0.07290623658989313360
-0.38850488291880169722
0.20000460304474612649
0.16984578769383437691
-0.24294914019079244527
-0.03238973259531420512
0.01873067120644936190
0.47372922277793866330
-0.12365468906567050889
-0.09117650484378951592
0.30708757662214170026
-0.17926893295275939111
0.05847747591091198571
-0.83368714293622248057
0.60383870089927882407
0.60298374963004242044
0.07531468041016541048
-0.33827516650265027076
-0.11479006855019689703
0.62910366295952524496
-0.47723759119499908898
-0.59742366945344271834
0.20006675521142228136
-0.20059316622962999888
0.49477294756227141459
0.65954125223885140539
-0.03150699508203420179
-0.44009226471963652783
0.01715785082131487949
0.92116539033732713904
-0.52925740705846824330
-0.14525324530405228640
0.21272702005013488513
-0.39567134032680756350
0.41822878084362646867
0.39660143320650403931
-0.21822320267570019525
-0.20771457896700012968
-0.22621922635154265158
-0.10989672425125186772
-0.15465580615066873427
0.23031867457046531489
-0.22190405875094712518
0.46853159296083590757
-0.00913133221646233312
-0.18818536680082473267
0.06708492189801482097
-0.39421403940678495514
0.87850241748022372956
-0.13651258535876678590
0.54954132616593742711
-0.36135713946883718517
0.82028687081530027303
0.70984213798386031069
0.00978970401779595371
-0.18617382009635310980
-0.02060542462558205903
0.07592329827262601916
0.29085800548122825449
-0.45384992705494253684
0.65411713266388415988
0.08738834121713433267
-0.35499034115487265728
0.28370465614595413717
0.02389972339130851803
-0.12570929870566069364
0.42813064131233258269
-0.27660448050731878400
-0.07372805664044350393
0.23257750447972105889
-0.40919059833861709530
0.33274003598864843045
-1.06777663617706020105
0.33720838776443273765
-1.12154697918100376697
-0.43815629324617622053
-0.10310624617441531414
-0.28660587670692294626
0.64782817710702667036
0.07057265423714077779
-0.33078702580088337193
-0.54265975848254577318
0.39827800319383094285
0.26985811443933788167
0.32542891717338534585
0.08075215484351722095
0.37321667237049671595
0.10716004877494871017
0.04745023390790974877
0.12594844952899750257
-0.70840576066328653226
-0.38094212496617074759
-0.41365224015951179704
0.35240259246795702097
-0.15998204529154724796
0.59395711104065829211
-0.47617755515399551314
-0.18381006677320926856
-0.65399431750980330236
-0.22608730471741328438
-0.52613468248482442302
-0.21798818558697632963
-0.03868421220166200908
-0.06137637681526889044
0.16775670125767383478
0.16163534523945646826
-0.13523654394129086542
0.57764998208341800101
-0.33497142682910552303
-0.10753634237740529456
-0.25856486360588670781
0.41742236750656991351
-0.40935383658274482332
-0.44779269800127047274
-0.19911699428339726947
-0.08809402269353124038
-0.44820507719088209519
-0.11119760963578741164
-0.35550819183848808569
-0.22966412186648016425
-0.52614343355324111329
0.38599193372624190923
-0.39955764012460770473
-0.10646699771287466973
0.02804535973671198543
-0.91700307747719844720
0.41910118353046654782
0.65082000202856282733
-0.37014646523509964204
0.27170236201318281877
-0.49593339746441367222
-0.76002404653925637046
-0.16039572148034866861
-0.10063069453324861857
-0.02894750498494769175
-0.34795541779239469449
0.51823022989518041648
0.29165432785192713094
0.12411071982762969523
0.58056940675912871441
-0.22706442618699509972
0.46949039077198378989
-0.07251948886453693510
-0.91093369432730131319
0.60108464569268227340
0.19238192860600672462
-0.01948695510524369942
0.19179948783181421934
-0.21373413274043975840
0.12975375002863176466
-0.33011040549921316645
-0.19683137136529921252
-0.43116473310506353567
-0.62247885877097175467
-0.06256353215808073409
-0.09548598936720219255
0.20310152122357838511
0.59711874993491609320
-0.04129022585457746419
0.26275196256529420591
-0.01863373247270278324
-0.35898218984829766143
-0.01723724260730337410
-0.10525577253527557131
0.05169634222406793017
0.26667563186696874311
-0.61214582133099004757
0.13767182021277421522
0.04351989652362743544
-0.13908303541444150264
0.33392818519840533620
0.69891424801242707510
-0.32877064477274914323
-0.02386504476372024175
0.46894181769588089148
0.26752445468798435879
0.08279768430571772531
-0.24242224977608400893
-0.06871772683291631212
-0.34095796738872879983
0.19609067496500501293
-0.01296224373017180152
-0.53652954641056971319
-0.39381355451798066847
-0.00998497046420807749
0.52596290904969766888
0.17816194147444611162
0.32100288989122521821
0.20484244164548823242
-0.52738697992565386485
0.12513014962785937167
-0.12781290547833529248
-0.30853153686942041967
0.14622184868010390524
-0.42772532223349946090
-0.42958601330194901013
0.10868983190774456071
0.04502493472620906073
0.47537452797178086916
0.20788081198458291388
-0.40727445950745044811
-0.08910118902681050945
0.27006138648088773291
0.23013754865265964589
0.48919703046011309144
0.61301236339124776098
-0.25081665574089101467
-0.23781249467386861296
-0.47800517971259975925
-0.42936579153763021477
-0.10105810384126244494
0.01542998380902309112
-0.45730929170031409114
0.01515707573847848225
0.09450393836690768046
-0.30389137419424017139
0.67250979093968388245
-0.26988321234691320383
0.56945895465632345722
0.17246621071128770408
0.63119610079887655818
0.34133255190973854631
0.09891408153879593934
0.29357872407482704658
0.73996357024682535286
-0.37291777283774951712
0.28987952817349416090
-0.04414177024275024730
0.01923053169297433626
-0.39289685486803538339
0.25021231402016985701
0.80154839844594283349
-0.19282186300054221517
0.16243301609696336740
-0.15811258143152145950
0.04606484514076601700
0.43724654518570088557
0.77511292202372872318
-0.55936585793483162288
-0.12289231105019934875
-0.40864637863297659237
-0.39117711832132623373
0.08415785950670863491
-0.06206309017048669552
-0.20976220233947606708
-0.74298226961389157719
0.36099705028147671682
0.13647889278304600746
0.10636158949775642579
0.70908766456988181481
-0.66511400916147855877
0.35306218420297519334
-0.91782025832982849778
-0.61297457422687051665
-0.44389260532417029737
-0.56663545401315706940
-0.12994814088099393423
0.02991252205285633431
-0.30833728511906738357
0.11570454523081878662
-0.00532075467970878103
0.40036388858226823473
-0.47826576982909096980
-0.68302924007912768634
0.77296937163753409727
0.59410014613582251553
0.30582465016566057203
0.45703056559025534433
-0.02268470025987512698
-0.12861252377860737939
-0.04056838153944243575
-0.47839152500182213767
0.28681519379727327124
-0.06134306798110129161
-0.33471930348173567493
-0.35219753884920795839
0.75205204447392859368
0.55890800666065165725
0.01441682571718044641
0.28429270695173775030
0.19986419491423887407
-0.37756520971906459838
0.47840496549838751328
0.24844562412064874479
0.43073821672641632308
-0.19214230699084544618
0.91334935645972625817
0.95159476138101251053
0.10905024890915046565
-0.82437887254281827509
0.62271752125284240975
-0.30773784908496965018
0.44398447046621675183
-0.18068016323441216109
0.36471933040845444518
0.34044557021367460869
-0.11370592626259065638
0.18332586391240543455
0.32623794483704504632
-0.12161132315506639756
-0.29097489829153905250
-0.22126530977334279982
0.59225399922984889312
0.04067702248762823658
0.27550505104208600216
0.11126088554840625477
-0.67189039887811219387
-0.36468102634058863210
0.55948808328986665561
-0.18178747232664424494
-0.23089582280796761005
-0.12386143599786897385
0.14467656873553591534
-0.06860976295890536258
0.62523606897832395557
0.09336815568589557079
0.19637179368291632353
-0.13987865878415917109
0.09620869215155586351
-0.26332981102482005964
0.74417562380339785655
-0.14654050037554433583
0.71086064593073139406
0.41801447365291877212
-0.27925761332147425176
-0.08383051341859477923
-0.08159055667812521728
0.56095389005058671206
0.06454245395045588030
0.13177827830971200473
0.36325567822910725946
0.11998682421225860539
-0.12838065362433881411
-0.13055318290579936980
0.41030705626834185207
-0.15415620991034306719
0.76062524236962225643
-0.66569102754973930036
0.95165732700991079174
0.73289615144445008355
-0.08880059766045679537
-0.17368352032779682537
0.32627844729329380513
0.45126607745189994958
-0.31626662483593581676
-0.08480559656231351218
-0.04623638571658899438
0.18765861183499951692
-0.28396548900472340371
0.30735322868474940217
0.19926097037771312026
0.14483587732462885334
-0.24162150811008598073
-0.31162943943127124902
-0.09449080768518285101
-0.46839446660312133996
0.01219474035399897675
-0.27488867812024120330
0.26284114501985883505
-0.13555950481805262298
-0.07453886245324203852
0.61549138413149440119
-0.18973084775532900181
-0.00687449006915584904
-0.02440154778684019629
0.65786620709640841742
-0.21767669500121314408
-0.28919722666864172700
-0.33410581550738344125
-0.82284741459045029899
0.11492936943567441666
0.86832923296654163092
-0.66165185569036744084
-0.98861080284478186631
-0.10590529242123293552
0.24624625188189844249
-0.37025706903057148400
0.41698219767319227858
-0.70953989360906677408
-0.33904856775178382478
-0.26113008025891076835
-0.25859117308919155054
0.49057773193061127159
0.40486191946931254781
-0.36322697086972938196
-0.17324362587986852358
0.19624978757671934781
-0.57393221064119936958
0.89527446025190782208
0.11973966524816974377
0.38209374755809361046
0.71736264873137023379
-0.04291805073349003186
0.44935821181931379087
0.03527963492754281755
-0.36398257491814134390
0.12078021836486246832
0.41344716007004544966
-0.40532997099698220289
0.19156890211019542147
-0.28322660404343580343
-0.47527833687977144583
0.05653206546209044170
-0.31992095311348650588
0.27582878548933892349
0.25082174469001394801
0.38994757665072388164
-0.19674868127578271082
0.27854497055596222355
0.17868840205542846356
0.09971434468432538445
-0.05285842842101445838
0.25211954814365644673
0.79985706235874332037
-0.79669930876592987001
-0.29008276085247530762
-0.15626737958924333260
-0.17281364771223647891
-0.23991528839552903052
-0.35669921353685168919
-0.16450681544695699987
-0.01419419349431771081
0.23918383953408203779
-0.45543367005560730920
0.68418590514160282368
0.51445635397464850591
0.12549588415385942719
-0.11238576860201354712
0.08724123594333160758
0.45844332736034631992
0.31045739264035043803
-0.38956794222632251667
-0.14597840217310614763
-0.37860376707144749453
-0.11210852131194748438
0.07662306665634602276
0.41103724822960618912
-0.41890017341805474427
0.03945531666926769404
-0.02347158502868371480
-0.05667575885289416471
0.08332891584933692364
0.81969374120453364352
0.09139601420178294910
-0.02198577482667941202
0.48558133202501191361
-0.33782417372054429627
-0.44799597787612382982
0.31487033702341937769
0.40395140699096593329
0.49837476190241081220
0.11355089344661510598
-0.04418797269545776674
-0.39394159181953736226
-0.41295344186128613018
0.29323727159685231136
-0.02072588166481582894
0.52386780685560652149
-0.29263695955319951603
-0.27877962685917734298
0.41006562471234730971
-0.11550659004433368182
0.14635655499440292093
0.30452098699916918534
-0.03437710989776320003
-0.11955597430909417622
0.21996864387490286386
-0.09286763275877832347
0.00391036155469479986
0.36677524819969997694
-0.71696965864606465590
-0.29878423645181217960
0.21825303053495892502
0.00501204603019783299
-0.20575727210580282978
0.10761071815759717940
0.08303678959731707054
-0.24006725346043927827
0.55532582462855928362
0.34467820909594487633
0.15384141613644919389
-0.24293644948551731955
-0.16717380063672360180
-0.28669061041551247015
0.04350756265645442517
0.39054510444980677919
-0.89179727146774212532
-0.00505562314401171095
-0.41192247347719801454
-0.06335541308742195787
0.22770355646558715357
-0.26638941984509789673
0.41076649576583956769
0.67552597925240254195
-0.05445560216750675725
-0.85557149474147198287
0.36810848014877334267
-0.35059397931239805191
0.37474646901233238383
0.58283446597038868209
0.23988506849948529331
-0.80127916559166090238
0.32486965485955504596
-0.12910345316660964965
0.68915454924002028658
0.96445848008104106963
0.12464937902940893821
-0.75925552769135185027
0.60762818532679718775
0.14788813633675879089
-0.12983815810069093688
0.20896225515307378928
-0.28183952155966285336
0.58318909519049699774
-0.39122545646882878057
-0.43334497864065868455
0.16632574765085866852
-0.74811407394207407595
1.03500078977126719337
0.68475275352185083211
0.22531092218018300422
0.24240422996598237626
-0.02757287775113746037
0.42957193649394143087
0.17254806813048842451
-0.38211130087811417955
0.28991298337095006143
0.10079434952492649646
-0.56052066288636259728
0.12834279304921605847
-0.30075989434076078055
-0.30649591243475121649
0.20281955554718550383
-0.36244158417773997272
0.45588716956984398632
0.64205904758547194255
-0.54564781315182941945
-0.42174883666472162691
0.01239134011352248550
0.40232414562321727747
-0.08156652641604394960
0.22329672349278931187
0.32708993179280160257
-0.06436326139420613102
0.19879696910741267990
-0.57750052762705117448
0.06534712367387814080
-0.06733182245371051311
-0.40554334401660002696
-0.56379112038672885010
0.25069177310110657420
0.46154461734391982741
-0.27196515713642821499
0.58433494953619458112
-0.33884881613805656331
-0.39294608329206970332
0.26052372814566421289
0.20356249174095800147
0.20591147782079777251
-0.43992640778867070361
0.36055941617607845107
-0.32765653919528764382
0.60381723549067589651
0.47089713020127832444
0.27323887147634362549
-0.72109395422914512874
0.62708968441214918421
0.22867789478790012669
0.42768204933800813006
0.40304035762948225985
-0.19924668827754285494
-0.26214766341314033049
0.15146859956566521843
-0.59316738315679062854
0.37633006025514587067
0.06630130542922345327
0.52124817143965052058
0.48454530414037821906
-0.06033763003584553808
0.12829540174032705302
0.32732133714090244636
0.13435517341876004882
0.44928462617344139263
-0.12433621513816889292
0.51039521314951252773
-0.00422859260115247739
-0.07202074079538833828
0.62978117363278407481
-0.92154474142651920943
-0.26948766417109520921
-0.00983339584668778757
-0.75137646319440065668
0.09823468293031721588
0.38452745084811235099
-0.18739640060695966772
0.19796604867419698159
-0.67110653731414360301
-0.12158310589461684970
-0.15535842424730283984
-0.34906454104228940016
0.13499809655472919112
0.14296981314005557939
0.02205964999055244624
0.30630315103854793835
0.15431950597571714168
0.61571873129663745594
-0.34082113183544227031
-0.20048327831366166696
0.32089704415458319975
-0.70348623399137344414
0.41720702484570976187
-0.54911365704305203916
0.00306819941615600264
0.07393991196960238155
-0.24796592080618870546
-0.05699165732164303277
0.21611647816003204392
0.51909328904992624310
0.11573910418733572569
0.34517648028688840967
0.27785580932003339782
0.12883915743435664369
-0.12957399320953438826
-0.28433284632519095769
-0.37802639801257120755
-0.10364234931667760942
0.00897979211441525191
0.14388042113920193610
-0.58876789279859609305
-0.36082925291217093910
-0.07114837128479294115
0.02955331149526588611
0.39590545925739789590
-0.20982315722524780277
-0.00626047715046074843
0.08990220344659234641
-0.05020461724640602752
-0.36277931836201920968
0.02400945281213626159
0.20907570845776687896
-0.00093438672882239886
-0.09686855769598308463
0.06171184673458635084
0.50235457313478648622
-0.41299105783724859853
0.27992145121117795181
-0.09422676914542418847
-0.06348023021403452482
0.56955879734047842877
-0.57506209954377451865
0.79610156510132135121
-0.22523158626004943783
-0.02741085216048480197
0.63509521825371484383
-0.24262446177106031242
-0.64911418376475771286
0.21042862757289393372
0.09210382877881402586
0.53352447872561858944
-0.30291735446543421872
0.69759222263777520556
0.40462714397849830483
0.05663232020299430181
-0.06827893392466645450
0.28419725540250884155
0.02467749841663545440
0.09788452215593301808
0.43279452474085472469
-0.05027800678457230305
0.11088885129049179390
-0.27449627569252643688
0.46853629645108874069
-0.90294566595185798974
-0.60749396780359887771
-0.26006421345871316708
-0.96137550641978375410
0.09593140661983123874
-0.15959035774375185390
-0.01135152920075505577
0.42054819137228754977
-0.08067258810918542800
0.41222071609624350019
0.00532109118334995763
0.48856916297120334125
-1.11164072232571475851
-0.29007278825814913903
-0.26562662934636638301
-0.54456684633125618245
0.22052165109687438260
0.28264664040091980191
-0.05070588202183993337
-0.47346710199400821040
0.12937245271825698056
0.16114666911500336033
-0.05955559818022068685
0.50206242900671749219
0.09197625329601992472
-0.60130798233941784581
-0.05958530678414292875
0.03523053731870982863
0.03331910265957124112
-0.30113345436684274548
-0.16978356706645778007
0.19350161694308395943
0.30098320450273075011
-0.04504679695057033084
-0.12686793462987017156
0.02173641495614520719
0.28418629936134992553
0.60318400636631308576
0.20549761919393857990
0.60345410339420579859
-0.05740301488404950941
-0.35258983911575730863
-0.31415837345018499116
-1.04152451078126739858
0.50339721774465640003
0.42242022256192690577
0.27096994324101736362
-0.19788495983523460287
0.24037121151704715638
0.39197701910208787579
0.04431347657433228060
-0.13318249104844362418
0.08747675311942816612
-0.22981036892599432386
0.05717826779986725366
0.19139600952801621991
-0.23208840309539721658
-0.15903376461454293844
0.31180085493065423652
0.28848645145124579559
0.31296696088568870531
-0.12228173742066843210
-0.50637960974180806772
-0.16505607659807453036
-0.17362704144374521698
0.04362197936311455748
-0.36227779558500305956
-0.60160504534737790916
0.38743116783787862056
-0.25561566806367330695
0.41208163094400096504
0.35694866323928220453
-0.07508337595691541577
0.50689881548414328361
-0.26064192165002930679
0.75820595499040721599
-0.25858590255672053715
0.55089602354859523725
-0.56532015714700867282
-0.05661210218946546163
-1.08895619648096531051
0.02497730652427034015
-0.75243971516717267356
-0.30953553997092941863
0.05873817379950695833
-0.03078182990089790849
0.05291338005113500192
0.64745443086314780068
-0.74742753604249745347
-0.77014805124971175143
0.09930151687003214989
0.12154314893588054336
-0.43864172328460832029
-0.50424198367434158730
-0.10910483474821672245
0.66504708501762321848
0.13227418617765318576
-0.46973556893111989563
0.44306011140010814753
0.43222024942017206461
-0.39721576324626350907
0.53374437935122820420
-0.03182857460108849679
0.33493732646228452365
-0.06491817023671483944
-0.61401981890004708742
-0.10501802384430652948
-0.22938069890209009105
-0.05986652099146981543
0.19275988424090281792
-0.36611270785949984186
-0.21075339185189528868
-0.07857011645632980268
0.21484455297371118920
-0.72033167299591893684
-0.08676279460553569522
-0.05912546586063019416
-0.25803852992039805203
-0.32327473010649981910
-0.07516711485686998484
-0.23176767466995529254
0.37650065758876893884
-0.33682073271070545051
0.26955290582710478287
-0.29469462644260352446
-0.92796954365046602220
0.48016468509324583547
0.17298854730073917607
-0.00617658752431840628
-0.13325608215811834967
0.48588322572974940172
0.16513359154777174087
-0.11093859401710932933
-0.23719004874329494004
0.10651731562875758896
-0.12453798141508037878
0.09909770566997405661
0.32098132556867081666
-0.78317298118196765344
-0.08828913087943009164
-0.24453532416364839874
0.23114454015491492367
-0.38273073685853326031
-0.58825224389883301601
-0.54707635114730368553
0.37546085264234685397
-0.50540954313990871238
0.51197009703209828135
-0.56149440218766843991
-0.04499174850871708042
-0.51513940504403221698
-0.14810514220443810052
-0.60819070687047360746
0.08817084092029391085
-0.55825545901208162292
-0.43018100499561451322
-0.01365147420099197852
-0.16580033792119047709
-0.03671031452583875532
0.90433181726804079403
-0.08739106294028163580
-0.15227378258270032885
-0.68969569737933855702
-0.42048947771486555602
-0.50463751519158861480
0.89184757474483977724
-0.94681500249232097843
0.30547963168603958772
-0.49098437083335011444
-0.64605329248143816834
0.02479827522467777795
-0.17161262107048383396
-1.04312739781531926830
-0.11718699978546513740
-0.56243323990200000395
0.07292208671851213575
-0.17390896546916390086
-0.42413622027353686805
0.32313600004046172387
0.56789223391759791060
-0.04575105684790213567
-0.51734386042006608175
0.20362106974724547559
0.01891439980570389784
-0.47732442900978355738
0.27456496287824194713
-0.71922609021231587167
0.31312350301744140690
-0.66747720987200254150
-0.13312796557325939917
-0.36550099211385517206
-0.29855683975243840766
0.12673518084282228702
0.34347508075030003249
-0.37176221174893492316
-0.43334346410819102324
-0.28909053807665635594
-0.01870236141723014694
-0.77414844602549548469
-0.12207767478733984323
-0.39739260683708038657
-0.56699801172337493949
0.46027080964560640464
0.43773093707720495127
0.36077963967816595314
0.09718537925408779476
-0.02944743487702923893
-0.76094924798445628955
1.39024420243371005235
0.41355011725362716968
0.31570575218751850688
0.44221000709207747281
0.24461736866284064518
0.00264366331696473059
0.24443409173875280116
-0.24037986272676933885
0.60420109137068833682
0.15401221395590247720
0.35498418696018196883
0.13854871810676600008
0.35689158579825208673
-0.19049112611096599701
0.50389454041396042339
0.83964655298318557897
-0.48539146367052832254
-0.75365521303694182897
0.15634411824968158511
-0.21641115236222344120
-0.04748584032904508423
0.44362241326635071248
0.36429985318804536387
0.76428116345429852885
0.23228438490305289288
-0.11924620736359618778
0.56983076757111161825
-1.24044470703675346890
0.60013492178290228640
0.35012349641307838333
-0.02334442416765410491
0.47454137673739693604
0.44110939502437290782
0.07560643963968127768
0.03309144571754114861
0.19288729637501583758
-0.36575636486945434234
-0.26489673566212734723
-0.29894544868063344101
-0.65062911779907683929
0.20644212418813787102
0.03321697590116337584
0.43658926421249666383
0.36509810737039888329
0.60236308368147128967
0.17013801090921071291
0.50310103237161485357
0.19386160529927198848
0.05581519403146671665
-0.14517040790040514064
0.13644229720624273527
-0.34422685493985683003
0.30367351495194061517
-0.49067816570139283217
0.49672725345166346411
0.25890050528430008647
0.48033885505444318120
0.26908324553856127759
0.19207951535921999331
-0.25592270919691856301
-0.10263102759590289614
-0.29552349471732403119
0.43046509607365296413
0.68599027707485982219
-0.60982398453305441954
-0.63870709694606375706
0.64381234267542131189
0.39006798040011320117
0.02746704203689189980
0.01479134210430946804
0.26507199578061352296
0.13406625359782209372
-0.28518214741016784108
-0.09395045511868450883
0.18348101992263554649
0.12957280815494795490
0.02741977869871858875
-0.06342418200758287439
-0.04621284033211826153
-0.13994740340919301080
0.30721556821578166474
-0.11103885421480960694
-0.02124299459223617098
-0.44173310812646698897
-0.50125306103012923220
0.86353247909864416787
-0.44549476972222484816
0.62579630546053532925
-0.16062803762357555359
0.22412258339525151229
-1.04253052154182745959
-1.21707401538210802094
0.21214618547949551375
-0.27186157611067257589
0.06256453201828435229
0.94861038782394180302
-0.20150070586699928010
-0.31754345492271385254
0.37735589490774101851
-0.20653717297609969217
0.46309291849877276537
-0.19903833811536553178
-0.15896273252292669742
-0.14947096159904971202
-0.02391682580547697945
0.25285594958371199192
-0.27670480384593282297
0.51899751922226677880
-0.17245984369818762039
0.05035551420651339372
-0.39009232386627379352
-0.24707385922698499314
0.02674164008190550723
-0.05726869589417194623
-0.21610697093454450668
-0.16874687287293513305
-0.12065777909801268797
-0.27460291303306227917
0.52454108441964486520
0.23769962844626293941
-0.06285044885932319914
-0.02506039100311741041
-0.24669076507844164836
-0.10382558055749435688
0.55916890008953357150
0.24863415444741601701
0.31833564985631784827
-0.35949529431387250433
0.27255611182689026828
0.62162159872956201934
-0.05517072282697851188
-0.23180051648723137836
0.44802079749700918221
0.24575074058422927137
0.18113920701060962082
-0.42467091964367265078
0.77904451194331059138
0.38230499210426766021
0.22759439288999500084
-0.04063142590529542769
0.28857929036290114189
-0.13485929552283579258
-0.07253104783549467471
0.22097824845637681346
-0.30206294162442504092
-0.42960045268005281338
0.04546544899882695029
-0.93154563794646050301
0.27236929678639010266
0.91023689791635342683
-0.68223872964153775555
0.91082367770058869638
-0.64015276494701778276
-0.64624236644288712839
-0.25202435405183276629
0.02932639814031866993
0.07768955797361531967
-0.41896769159810576255
0.39369368082350125748
0.67038455734311486189
0.18441596440277388536
0.25235756428519895422
-0.16325036082397592629
-0.13777603314752984165
0.24599740450088716792
-0.81339541858037633926
0.90022399426281296542
-0.00750846836112226742
0.07754518676263003063
0.00880377336042511595
-0.07870458790825486661
0.61493958463919673463
-0.30350861232130027512
-0.17086344536190120613
-0.31944077161019407418
0.17239432155030315341
-0.29714780348771402396
-0.30299646765646226498
0.16850984161179508036
-0.07283469968173242326
0.52445403266647594442
0.37928733609316173103
-0.01657106677556059379
-0.33099646502303531337
0.36309177072522835772
-0.19189839633180563738
0.37273485418506580036
0.03726321391716317516
0.48993655892564436094
0.01658196088766752604
0.44953716865839044026
-0.40137118751242556458
0.51337781591775510925
0.29234430093546337481
0.06274565251262360921
0.27749762101974262407
-0.40839450723736880899
-0.02402313318242774859
-0.32789530709622638494
0.17072455515454740271
0.09816111948236694307
-0.15359068724371283121
-0.46559443738041800254
0.02185143802395003026
-0.03601848113202216900
-0.49513612298144177304
0.08587122853413887980
-0.01453854388303420578
-0.26116131130193770415
-0.09204098489318146559
-0.17110457203310064367
-0.68301189196746203702
0.29266733381436560446
-0.01788255942684861474
0.51588505654694660763
0.94890008439117701222
-0.19308412755787041082
-0.26005005739885700411
-0.21008907026882928104
0.37852110509965924967
-0.28807186875416956884
-0.10550273387713779427
-0.71955378786460233442
0.44723103784389550697
-0.05704304277503468440
-0.08384735450071501006
-0.13313332074674477656
0.26685116017124638210
0.03833800933433798713
-0.15070621560255975657
-0.35867123642098941438
-0.83001379204201808371
0.42625855701802295439
-0.16002296647541988661
0.36315403805421914152
0.39433671123300090278
0.01916342432900711851
-0.18198922592586982971
0.56284611008988916225
0.18544606955775885804
0.37405331212098230642
0.14576045272429991040
-0.45639811921341250089
0.27361075203237011921
-0.30271253695225552871
-0.18847961918669398074
0.12824101381940439248
0.05077848686736362999
-0.11240549372554256569
-0.17584868324467900491
0.24272264974371018931
0.21767868088239022972
-0.24057235182706762644
-0.02812365288780312167
0.10154160498873526786
-0.34181662992480976726
0.07338146954266966393
-0.15420796239665565674
-0.18769291132714330250
-0.20339906649839631370
0.13629558875886838010
0.03989807358570106322
0.43767919168233354599
0.60193375468283449869
-0.11799665817198322360
-0.71950935615210853680
0.63655367476728041964
0.45102006719018988834
0.58740356373087354580
-0.37081619841710294905
0.41583692544821920789
-0.36209507223980624824
0.40291725053619059649
-0.01988192279742137872
0.36448207994244541386
-0.22604016528870998770
0.97299377460059466305
0.18750665624696921663
0.11461084067804222508
0.24550606300727464970
0.05863536276364100797
-0.28732273572317518218
0.45816997146526816653
0.30339345882513862884
0.30494965808863516710
-0.53922928332569808330
0.72377576314987623896
1.11275048359230943618
-0.17855525339523359296
-0.15991870801265661850
0.07990470978760504106
0.43512584557876976543
-0.60996565599147800629
-0.54320754203836263407
-0.44327224736082659895
-0.05683144676615040081
-0.45111456637516705870
-0.21458579778444947239
0.26114864562826411998
0.04046366829239739227
-0.13496391445530886433
0.38076422056160519336
0.06310851439446170386
0.00004810522029001334
-0.12797047712720424628
-0.69834878326689242556
0.50442053782295304121
0.43305573970370281334
0.17497365049934959780
0.26351170440536125783
0.37314924276152516835
-0.19455126700268152162
0.23158005471524986674
0.17408996597249906668
0.10590389411475814585
0.44643899270427067627
0.06732495739461329121
0.32319162743702889440
-0.79802333346578913087
-0.39010341170801771105
-0.32850474069843010883
-0.43181304196151848451
0.46742813708228125869
0.12493365034851139361
0.38218132686378242235
0.34748789560982323854
-0.53657310358633691916
0.05316016394139785189
-0.03995519740628396960
0.03743738063979514669
-0.12380937340889427989
0.39609487026861439629
-0.35921128574480720719
-0.54839373156606474602
-0.60327044521257933152
-0.36755468566897575577
0.03553099893550917127
-0.04813245475752643554
-0.15146880463922648974
0.38541896570460576488
-0.11664951081518307174
-0.66940230397791566919
0.01778251218088931079
0.16317178302139065393
0.05554739431208692568
0.11287314651680151190
0.70221877626264750383
0.14310703525055035179
-0.10688806946835076317
-0.13197221313259399622
-0.13936518930332142396
0.19999914061984139235
-0.63516369512542014686
0.09219088209851776516
-0.35775877489198149028
-0.26470157419012085853
-0.19174887383707225896
-0.37139661891915271008
-0.50512723726400809987
-0.04692275401323837275
0.14148107260723588596
0.48400022562550204519
0.15880380114132583436
-0.38215592549669114009
0.65208080970844517488
0.58440294517411439656
0.49510370468882791695
-0.17731888591713942938
0.30123066075489918214
-0.07238399308619812567
0.48844115186239306370
0.09820184700246614717
-0.20590936178970914439
0.46151037195213068243
-0.15823367524221615410
-0.31875068226415659289
0.28623916072481653261
0.04136807878285707341
0.47487107672156331217
0.09492818333831196109
0.69173902981977797300
-0.54470987972097528740
0.57632952742867860074
0.10263511088623536449
0.37836826936748302330
0.37175418755801908910
-0.01714408352925173018
0.05614474706103492890
-0.33548978912037097366
-0.55889871959222736653
0.50778493521113043929
0.54593256963279301885
0.11116354921614333973
-0.06336433257264591223
0.18093957978912900142
0.15072869724303211703
-0.00908501988265856403
-0.78769366649778749245
0.31032413995721414013
0.28916231179615814462
0.72551834720470176343
-0.22113742989275186890
0.11363004752162032818
0.42103269895993367111
-0.32098864698740786627
-0.54425027805411985149
0.19109784015013461800
0.21998715331305704335
0.32466498600961496424
0.76757159851440326381
-0.22235380311339561499
-0.66833540381123923702
-0.01717326625531471335
-0.14486322994435132938
0.45423400200313135411
-0.28602829327094508871
0.40235455542504094950
0.37300296501649937708
-0.51076162521378121184
-0.10116843976776603020
0.05678930930346731687
-0.69964811360526157902
0.90447520224783783949
0.58786447614540593420
0.64443173140449638847
0.49632653503981816190
-0.21264030693632068880
0.12423222662183625031
-0.15730618141484858930
0.41758556367299859424
0.37284331059083680726
-0.37268604739426647310
-0.00638511334467543358
0.11604196815157002964
0.85733038919177950721
-0.59829124337106764919
0.60232304446483819760
0.50791395014782170225
0.44109534074478090604
0.14370275228416343194
0.32404865481209471634
0.23439074144168348113
-0.19782008769929129710
-0.31847184439682058033
-0.47651824315071655835
-0.66878312863555178236
-0.12751844345909768563
-0.08311530507107391108
0.70818643162555128256
-0.02815862576196203129
-0.25446598360843564191
-0.27761433246620054183
0.15954998131318126608
0.28937862675723075023
-0.06144206148125543054
0.15770647768234222208
0.02168894626437159467
-0.00524969732808345212
0.30103762634051350888
-0.05100089417744194803
-0.28623333010882046068
-0.46043808139622938169
0.31536095826312021684
0.69792011503141326845
0.12613306452188244311
-0.82712834070413954191
0.02592399962993534659
-0.02268648092851176593
0.40826473950183350681
-0.02246541026566058544
0.22535260650678981542
0.33239250506843365240
0.31930366510282931491
0.22005807018627454585
0.29794760799560676690
-0.45635147501981537799
0.38753107988681306795
0.32214875781258639487
-0.70114664029882634022
-0.32924435844603638923
-0.28992771455015275972
-0.52924326819168265867
0.02149069244312810240
0.47500668408520452246
-0.44420597248054249917
0.15843491612697088722
0.21148912212024256752
0.34028509169658294198
-0.09372065409992566543
-0.35490684206388090072
0.50378525530438400537
0.17098166305838538581
0.13705566530530247094
0.95049866166749352736
-0.50133109733727065915
-0.74487944691001117814
0.02181956006034296153
0.98156755073115664612
-0.69624734431088364239
-0.85548287677761858383
0.14589824616105367960
0.36368734065081226303
-0.01275446722276192373
0.01128706741284945039
-0.02880628805644289830
-0.27726303779551969564
0.45143853441308218200
0.58398796825003684852
0.39621660859129176346
-0.30518067956160005449
0.45273926812260939512
0.77386967803903317087
-0.23389649960497008174
-0.99310731579925293211
0.76294226198156656071
0.14498697823976341992
0.40791078001102160089
0.05977005055535092315
-0.12518313465043745536
0.22076117473251033463
-0.30456162153202026577
0.25621167965248597964
-0.18034033032088131465
-0.65206634385262818299
0.51615445586789387988
0.14873955949603220872
0.10951297710427987386
0.50679956518872215643
-0.49273798684601133324
-0.94266013842580720361
0.65307698515355805391
0.35521023178168031897
-0.07948083690461643647
-0.19725864576063173450
-0.34644721695147417950
0.40872780540920855552
-0.30234457907886869155
0.20285824631525672945
-0.65314562832586520180
-0.36725399582421464073
-0.41418846428267952486
-0.76639237281936656299
-0.03370674950792839492
0.06655620352227917258
-0.21743539781074275319
-0.21635589842659511128
0.03255690283995606171
-0.00159910586757315652
0.40964620341156460226
0.80547561043675264258
-0.42694212529821640167
0.03204318343078450121
-0.05342808267987191745
0.22627731137252404814
-0.22378471411036077177
-0.18874301626955578004
-0.57869208690189732902
0.31831797165707675923
-0.18557266265746111267
-0.25035097289490937378
0.08684184707364579758
0.27799861908324013937
-0.24507850409060252805
-0.02073743426147055952
-0.08088222667109551400
0.20102416746162701799
0.04916519259632694261
-0.00248695644786293274
-0.15310087273307007583
0.21548866935712565618
0.02550556610429486823
-0.35490081477282092726
-0.11489709667447871311
-0.25161157571102327202
0.43551806428129108406
0.09205067765354016385
0.63642684269172966616
0.00630308812616802924
0.00685286334657697702
-0.22046479041292948997
-0.12537994685874470635
-0.47668294283356610341
0.00736810609264324391
0.05690167637999955785
-0.42453062590172663260
0.38139647684148564322
-0.56656408085027987198
0.04700146388968796940
-0.50213895651575102264
-0.26766236390746844798
-0.27943352420855116502
-0.07211935299899610574
-0.43420062019919308804
0.19582322313456620999
-0.17562890125581323564
-0.36331584657116688941
0.30514295244862055245
-0.45699551991293907438
0.39868365270017241953
0.46466199514366451906
0.37463206501243118129
-0.14702074563738562474
-0.11584801270124012174
-0.12929585576155561144
0.27981306012107759473
-0.38226138775623291766
0.33786708565340678456
-0.12004037365672784454
-0.21081789375212015014
0.03784215215032509655
-0.28572259562383872655
0.36110022541310987654
-0.20397350131656533101
-0.05411225470932563841
0.03093448043512703194
0.41428348904086287341
-0.56892828072082024526
0.04914127340174944542
-0.36667343395756468727
-0.53941597381040073955
0.80757390043208143737
0.68925923485656181988
0.47485015256329365929
0.03180075370962616443
-0.10506579084853845396
-0.06099512342416048283
0.27667874607787718011
0.14205235717774031268
0.29263882301518950868
0.33186161281648018928
-0.47571916783073925350
-0.18923324580050751575
0.71142593277363153081
0.40177806091187434623
-0.01346216077231358887
-0.00278090453832205127
0.11658676200503614862
0.30340857761220335620
-0.24658040459042301906
0.30313688217792883473
-0.46072041367850175009
-0.62731870674701828428
0.22595201772478396007
-0.36822111929048745305
0.26577682804094387992
-0.35718183662161673286
0.06778676491357851774
-0.37797943986765830671
0.76420675763221201926
0.22579259032196244417
0.36872627031846844092
0.10139434459032733993
-0.47784240126197197185
-0.03406404917216109690
-0.16462345686852200566
-0.22442921031447815583
-0.06750816576278433068
0.44536251066699766854
-0.27380435053008866930
0.11861603860078984152
-0.07019209574023135834
-0.36589524273243118069
0.28548988296032151712
0.42055733908257830755
-0.07513766781520982152
-0.62563055414549906263
-0.34998812974134901888
0.28713206784562783636
-0.71317291969043050681
-0.32535682401445731315
-0.35957160711035990319
-0.66491563897060501631
-0.46674656389190222194
-0.02937356331616779864
-0.11247131644546501383
0.43591048968958795440
-0.37519878375509335688
0.17621547432799203325
0.11956115394666975982
-0.19231997320302612886
0.28073982495929888925
0.25895715148417397522
-0.02044362416912912095
0.64421562327046510976
-0.42872706236681795700
0.35085480571626093127
-0.74215968583904434741
-0.53542658952624089252
0.13281432518006769383
0.30695348459461835322
-0.23353619214335161192
0.14889157921851778332
-0.41731916414722258768
-0.42917123598696532705
-0.07187608054604062435
1.00182228521250804576
-0.55025365563487904641
-0.32285177311870627559
-0.16236727623610122673
-0.10690102003604921854
-0.14830700011441078079
-0.04193674424907538334
-0.24851828689294333530
0.09669933306421822639
-0.78515504806173597174
0.06327287011027010744
-0.77921210949582941918
-0.32395373111014447165
0.19987226656953410719
-0.54873439128381418239
0.37069391458588690780
0.31486470210045958140
0.15523237441806883585
-0.17508950743710835485
0.05195397188714279829
-0.73052552643044277314
-0.04908853948178615312
0.28891712121441714967
-0.23867490725452603084
-0.11180455730269540926
0.09323172340551712234
0.24765082644279104440
0.16507971892967987504
0.32783749596135935978
-0.26385821796087272073
-0.00728260827174953378
0.11359597714780604594
0.05771375909246640595
-0.26537140357795147017
-0.90173422909872225084
0.59755882674472771132
-0.05782033330323897713
0.42341137268237727387
0.03418423301623315508
0.15236435774220835615
-0.77220332800949353924
0.50090761524082516587
0.33928994536765105794
0.24734050062344750676
0.16008372727323871842
0.56917437987927865795
0.66380144956775022358
-0.53680317022044821140
-0.04178006783763717202
0.00844248347488564359
-0.02934396981341905533
0.21555342545024688827
0.25942425832301230226
-0.24258605489449208692
0.04562167433310738984
0.07155773712809648801
0.34143388130803742353
0.22702040298364964399
-0.04596313972668385206
0.26900024042146919445
-0.03834082899333421390
0.23124323870214055776
-0.10214468368864362824
0.56448762811474961776
0.51311051650731742679
0.09752733807496660745
0.06315080813707531215
0.20730778793139550964
0.17392845693607519864
0.00133635084369617199
-0.12532955690352157174
0.11308214974732323788
-0.46036397158131464602
0.46023185349230527619
0.08639895081873849580
0.70028780838855109181
0.66344963290447911408
0.15452307108849908102
-0.36840508041179548249
-0.04906827771725707360
0.10399921025479824666
-0.40203583585416408086
-0.29405527533955966302
-0.61375155369062750488
-0.84359259482720239109
-0.07990002548212098155
0.08852274460171580261
-0.49668533898781908054
0.23535883682066555123
-0.30590790143150392577
0.33366052837752918636
-0.36202841727562956597
-0.11272638468449670823
0.15570190259135890942
0.38535395853674697664
-0.03432943964354462363
-0.32108002644158878391
0.34410081042373302784
-0.06062771049467117340
-0.15254071439671357258
-0.20831424391595143586
-0.35120495853827965460
-0.24905943995829010751
-0.12477463655278682453
-0.42827562532346241664
0.12069423866155205849
0.07828471139159333403
0.11452723859039397325
0.48491426257779191022
-0.21291074122963610238
-0.44038621677112604891
-0.09561872703156473752
0.50189957299498244581
0.28308592649690766940
0.17883507601696191358
-0.38475206049544996567
-0.20204239582832667077
-0.09152258692760577297
0.35530875941258904804
0.28383980607707509636
0.47535546908529546783
-0.01680071092825964271
-0.01197567059310125984
-0.50934347290545511910
-0.08322104373059709126
-0.23020840715527937648
0.23456353359359444211
-0.48089926032637347886
0.03997264420082994457
-0.55594137283053490783
0.18629311329573133849
-0.10865786053876799744
-0.19901838630595161672
