-1.57530808445168735155
-1.92155629973458608184
-1.33949622519310085345
-0.13876608054121294944
-2.37370339787541473342
-0.46829316673629578505
-2.17985734546066689532
0.62271454525153013826
-1.62201034841162661237
-1.00716775779720402184
2.36568463433436848575
-2.01391423350262455116
0.11881289439829319232
-3.02050852228536381716
-2.26494581346367818142
0.94525939220028198928
2.06993382831633709884
-0.31549691901276871731
0.45181200662708353999
-0.98333421478973648266
1.07539620097770560747
2.75915128233873252483
2.42098654781015065751
-2.29543183583882015597
-0.81078673058005590324
-1.40018669039037968460
-2.51866426743120319642
2.77139869186664355993
-2.57945402682614055578
-0.86085573615283428328
-0.79255055368822535655
0.97704517756147268859
-0.17179035970851572190
-1.32722918510238607759
-2.82868185972563690456
1.66609847988359449644
0.42063479137015419296
-1.80705735787280485916
2.80249846808459057712
2.34458466309540680683
0.26996919176231365389
1.11053553273007277191
-0.32329720790573840405
1.60680758077324781219
-0.91301135904930452725
2.57975574355876124955
0.27314234440877627197
-1.08813885330686166419
-0.88844381442736142240
-2.18357931345797062761
0.10139196640634234869
-2.31632612666684822855
-0.13800807976180057279
2.07886256300223726257
-1.65155524318688362584
-1.74156601607677830046
0.88028377937823043542
-0.44013455408831481108
0.53309377560285509112
-1.62475900439079512516
-1.05022027871363188289
-0.85676021738756136248
0.89874412517731039340
-0.18525877943552668259
-0.27336486143496968593
-2.38202090855276216175
-2.44692435445213218870
-1.69373639240582152254
-1.49788551379839018907
-0.31798733570370474322
0.39254535481262514685
1.45631341771105549121
-0.87800747747378860009
-2.65908066244861096550
2.49528244403074150881
2.13349354193518880862
2.48304519714183280499
0.87696908706759713059
2.88195562886600775698
-0.95419433648285634231
-3.11481866003887963856
-1.88833394328595960410
-0.15596050478427134212
0.40937572314379361282
-1.06813353078388684203
-2.22736314798029244599
2.60459712124422493318
0.24033996401843613078
-1.13711614909659619599
3.10278485071305309972
-1.49068576414245179684
2.67068496509600539213
-2.78871971165917242885
1.06380183111558457298
-0.05265003260403944285
1.50632572049737434305
1.12852093736045255845
2.88579555720322122880
2.74114121017548928450
-0.84539696928420704491
-1.51813381952334092162
1.56502687777606452890
0.91931420709024791460
0.22674876107665484226
-2.35945778760222601989
1.31119848565876129243
3.06065860802478972857
0.75559612899070727199
-2.80308794922462301002
-2.51917374720990805415
-1.65774962482503629424
-2.68224591519976929277
-3.08280387864524296759
-0.82253615691078862948
-0.85943683874368448361
-2.28122684434895051098
-0.51317116789236760788
0.46729066536223362593
0.66341540837592782864
0.30641539299930492524
-1.72235354874792201407
-0.50841843092228811152
-1.50970683633686597602
-2.70687642199279832056
0.02323005790577098786
0.47527572845946103319
0.64744849053178543663
-2.66811219644221919722
2.89652508588942936285
2.23168600023967123036
-1.14607975245053528290
-0.64368317472095903931
0.62415826805487606421
1.58362580121357776619
-2.82300310292770939569
0.26214433320833163688
-1.62600324702341847427
1.40709335582142491816
-1.12184852057947392900
2.20255745544522563151
-0.37634710158255352264
1.68875317109382905301
3.05141549606924611382
-0.78266103004151243994
-1.97922818591503468788
1.21129549348632470362
-2.92504081861735665271
-0.48786138423437869216
-1.56523848147685717969
1.12786772838674176356
-0.12887717117371194631
2.04246676977515084772
-2.14502112298498825993
3.04525256119639209373
0.39158788873567146327
1.96510907359458464327
0.92944338766163381305
-1.79986606373287960636
0.29767323814696261541
2.45993941338094090909
-2.10644824731201074641
-1.70738141622247052709
1.49600809407256263306
1.28944692554071371760
2.34445107046907130766
3.05667875537224364990
2.98989022240020707599
-2.80889527269534955423
0.78238263244175365596
0.81035409037283567812
0.34714988172467114991
2.85929155733044915166
-2.94972542973104667752
-0.72325714936474549965
0.67320080472133914107
1.78219567335574891054
1.77568131547087215694
0.67663990753702185632
3.05908578252334972802
-1.92303154619330318731
-0.38715968213189677627
1.87253076785407079896
-0.65857310159257731463
-2.24189509237805628672
-0.79463400944168116613
0.64598946500408316318
-2.64042588070072081763
-1.66176055508215414491
1.52266707101894671617
2.41262224795018465073
-1.68990507288217717274
2.63220956125574989670
-1.69612362762379076386
-2.18949983946442738869
-0.47282490544998367898
0.35421471206162585821
1.51733249798132008301
-2.73304462206278664382
2.25466764407630515521
2.05842192735841900131
-0.27603149415142191891
2.73533145565627133777
1.16973688534851727461
1.73438476623703952129
-1.74315331943793827563
-1.56697598486754485769
1.82436468775005300458
-0.10499617131817040594
0.16250990529472336688
0.55374631585038169845
0.51207053056928464319
1.09424050575604092650
0.28611534064582372361
2.65253330878605542154
2.50953943861846662244
-0.05358326576043050127
-2.68164818249847014542
-0.10151242896857985698
-2.85973302444875931982
1.63811812029600822882
-1.49840704093058052493
-2.48300822178096192161
-0.24905640117987201676
1.07940804330025641455
-1.56585802360035097891
2.32787869432869465314
-2.05495477751627708685
2.75066135255640409341
1.42143345655101671632
-2.40196366306237996113
2.52879500515121247162
1.59288680562167006549
-3.10701670790263140276
-0.52646290068850298827
0.23456255755085700376
-1.07621814945614047154
-0.91412845477603577038
-2.78715945092444794540
1.10986165387687529815
1.98616754803625195080
-1.58800270491528583428
1.31107844456670230571
0.98125201832515351885
-0.07506150181425511048
2.76521045051318425934
1.34566690967816970925
2.91638359067152075355
-2.74386852129508618248
1.87574251006121550667
-0.47961685692920963398
-1.69234264228672581787
1.74983229941168438870
0.43774385097109075327
-0.09921141964706327310
0.81261714670562379403
0.79175426559353290212
2.55395616391279212110
-1.64045072141708669911
1.50819044683960457043
2.10231365702864625433
1.83948264728830612746
-1.09476336876790902863
2.29045458977397631273
-1.09494824442716920387
-0.81985583018904784058
-2.49066784138374375246
-1.35762969786173970377
-1.46388146723717116338
-0.74684638592789953648
2.24991043451340955173
0.84365922852229202622
-1.29517196876865581245
-1.22342042214738233596
0.95847297591875124656
-0.57005183789303492947
2.25453123602235372402
2.23449251638701307243
-2.48939567690789242960
1.38003281851825176929
0.69877688578028185340
-2.47868069830241655183
-0.67703274627616594206
2.37251606605548959195
-2.66976257185709986430
0.79290566109287530239
-1.08861598125952863114
2.94162362898276708023
0.15820659034830894529
-1.38533877170479047258
1.50821202827535172375
-0.74030441484745523884
0.62072532305797378793
2.81394038317590222675
-1.94948992849968605334
-1.98298078529899224343
2.22611607064239391818
1.27592746152997293940
1.51807969003368326000
-3.13869856417479153876
2.87755323222798020666
0.50263272326122043765
-0.63551783735885603033
1.45670950658245512699
0.43348597010494360759
1.54724405256416552845
-1.74295324877177137957
0.29567763696773291526
1.41102364529321366859
-2.54670161822690577225
0.96229437294623465515
-1.23119618836801958395
2.95426178116798165973
-0.95518428003200539500
1.53295810577253810436
-2.42201589691454888253
-2.35582711561326707539
0.35805930239031852347
0.90128781934815571653
-1.27403334360240161338
-2.05038527268358627964
0.03614669567429931035
-2.36297265339462958522
-1.69141130395429306610
2.33592525482670643200
-1.18564243659248913509
-0.68028058565103544097
-1.93783571470028226358
1.88940515845718470800
0.22284421304381543671
-2.49234689028313161074
0.87786129748375196780
-0.57948866978426827323
-2.20549135106052185407
-1.17873534097703425161
2.79405715020697531514
2.09928657940586393948
-0.96863990287336931839
1.58854391745479750497
-3.09411623645603706123
-1.46052308505196348776
2.07394177510184762880
2.70240135525313096565
-1.01909947365435060718
-2.76031948978319841004
-1.46030453449520747355
-1.87002208328854457875
1.08141580631457445705
2.21802820066499162266
-0.85602149468281729661
1.01910734564649563261
-1.11984641878054769215
2.21627394459786453140
-2.90698666131014027414
2.13253281802067995443
-2.83646819194625399163
-2.88582882648981486895
-1.93489020630557218006
-0.68076992250842416343
-0.34422239059549020190
-1.37779492729142716279
-2.42058394566570722617
-3.07634510202176025828
-1.01551111663821247433
0.98511876233136819181
-2.85019708961558881910
0.37952010909915256942
-1.81905720919690239157
-0.27599752169680413783
0.99060897903996081304
2.91802615050543145969
0.85923589231655972398
-2.10301472051658633333
-0.28457038537393813948
2.28864574388788444281
-0.98629130842664480827
-2.23494680644166354710
-0.03275186646465883672
0.57396380623852616409
-0.49440250863409701543
-0.06170502577223644508
-2.64587182410326482440
0.73108426190644892895
-0.24526619105382560515
1.91794290325955696375
-0.52719771132353709930
1.70148339635864553898
-2.41003553554126614955
2.37278305173472592315
0.45487826415761195564
-1.59837248328618453108
0.31185672337492553741
-2.01340825305380644039
-2.90619788964380809659
-2.99954220554463013571
0.56520882499593083637
1.81762009949002356635
-1.18965474543468574531
-1.89975163763310317400
-2.05686114548427756432
-1.07029652696791810484
0.06635841942642738134
-1.23781707460458201275
-1.64582098100976570443
-2.46985996191736223437
1.37985117335289020346
-0.97464443755545260295
-0.41460712771828506229
2.87978879354295269621
2.02649397236079797935
0.86149786752273405099
1.50811101865177921155
0.36119901328232650872
1.18374023867416400257
0.61917942334059650200
-1.92069196210040371575
-0.16422415656246769355
0.33034340878663059904
2.30235791473155959608
-0.29673459894064679876
-2.20867121505537955528
-0.24844191751871419482
0.08545077207033580091
-2.13814999309179842868
3.01389488709639818964
-0.06090862832443096064
-1.62095747352474206515
2.69811870437757672647
-0.09629700652061881638
2.73954053198437064154
0.98845181677880655791
3.08247148881435073520
3.13903738922978181591
1.25051800801982171407
1.49641724091063399449
-2.95338238427843036149
2.87620325874406157496
-2.35938273630339434561
1.95409146123142685170
-0.05926768319949213965
-0.48678600953643019755
1.03952647963677469178
-0.01918314852064412906
-2.23343403280168839586
2.73961853956159018253
-2.88093295141092164968
3.04883570127638803271
-1.52470019769825504419
1.93471072942622734914
-0.49002842352282904859
0.07457168525328340680
-2.36187874622449234252
-1.03284960414940929496
1.49868645423293944674
-0.72058224449990049276
1.07034558938441692888
1.19707453556879905854
-0.74439096811283800292
-0.13681167846668682020
-1.67571910416795266663
-0.69329364392192205369
1.03902123646608535168
-2.84748654453129734776
2.06427012044705282534
0.13631032824565927908
1.61919959935115920224
-2.67771490548083868077
-0.93592311581770559759
-0.12400150655926869825
-2.52086021276848537553
3.12037257041773896660
2.78319848327752117356
0.10228836425437209945
-2.97726599017462723040
0.47326944942853566012
-1.67128497954267363212
-1.23965949130385344468
-1.49589026267962088568
-2.01088545197598111969
0.88235044300045273324
2.10326379166647692287
-0.54320014388587567478
1.97329912069639479277
2.09627066543621198846
-2.32729890593996691095
-2.99547364343546851373
-1.45919478756956388921
-1.12507987756975569305
-1.49282202134620911593
0.22642470708880371721
1.20815094355994356867
-0.20937722618797774410
1.20230609008732125531
0.23943375639016747924
1.76027817545060272231
2.67107809388735573108
0.77029914068031168917
-0.84029881923350890904
3.05874056541151739808
-2.38389230120388484480
2.60362101735850570705
-1.07581904591235311131
-1.87629047278097194074
-0.99519266594157351769
0.20624044647916345285
2.98468970991844129159
2.83015417011181602547
2.35685637020212501724
1.66530093878741047853
2.51262239730202985299
-1.74677748644410946177
0.42979683989152234203
2.65272107996606942848
-0.13202610458036115326
-1.37784900185569325615
1.94162723938050785222
2.87916097853230601444
-1.50285877496122499686
-1.42988450221839036303
2.31576549867131697980
-0.83566150388433080298
-1.24507021669695072674
-0.74837549069139941427
0.43937873106485036967
2.39590505757024363476
-0.57648253853597153373
-1.04944382353754162018
-2.28018612739733805839
-0.31644543260406338137
-0.73978673181085463639
0.96722505317994611485
0.94120724995870719276
-1.09609623120303001365
1.03647933503367606356
2.15893706250677475111
0.43800823564515056763
0.33058118672066172383
-0.00797493616871338719
2.59951581844211609962
2.31301994032165136872
-0.56436633849349648884
1.61873934564984711670
1.13892576020505154055
3.02563080388730254455
0.72062695216606043047
3.11106249357284792012
-2.30682654102678119656
-1.91453575656549501716
-1.16374016730228602157
-2.46490068939210882348
0.34329569621161326598
0.44859296152502481370
0.89085053057297158841
-1.27002303789087545027
0.87509417577388881604
-0.82699788161824128174
1.30437925199378734753
1.12825904009109323489
-3.01534391546575220033
1.46180154042908450052
-2.60902929633141633659
-1.25698797231034986588
0.85728815128804847223
-0.57237814687272803305
-1.89978038424406459050
-1.26048050300468084117
-2.68086173180851883302
-2.11335355918593226221
-2.54852629321573198595
1.11027526495969430798
2.44883073653657579172
1.87964407105111019902
2.29512121087081588655
1.43379516345829438606
3.09488924970707612871
-2.84544883799600567542
2.65955507421968118109
0.11169982780125567445
0.76886826801825769451
-0.87907632951819059119
-0.81200557943722517784
1.53953155800687913057
2.54811977235457565172
-1.42432902311773568194
2.69997112551251428059
0.45574421570862583275
1.08619581378722962484
1.99261849412836444806
1.59642724151981485470
-0.14239607438299042852
-3.04310174841052294425
-0.70126338003957611189
1.53449878748774115600
-2.72489486400516334186
2.30900829944952468153
-0.49541028880093207487
-1.29878665479060240173
-1.21937410465352047417
1.72700026593585476142
1.04769446506982499834
0.39701972636810078932
-0.30719391466207235375
-2.01772134404027969623
-2.47994586678270234614
-1.73559971932949808071
0.64511032876959550908
2.88446139381330945994
-1.19276151174198186133
1.25393077842355094020
-1.30970178015233340574
-1.14226221529401139598
-2.34221660023835909215
-2.48720634506523463614
-2.29027298688593194953
2.74154162599897510688
-0.47547207527584162134
-1.48457846471268628541
-0.56255211809408400825
0.85264227387841506900
0.83235582086758075349
-2.43590883281531223048
-1.02720594084882010932
-2.94918162525515281658
2.48798233249644251686
1.77764418214494801518
-0.26405869099285178558
1.47302934797120999022
2.46676722418258087544
-1.60831860033958884415
0.01283374910956844826
2.66994605975248511243
-1.74649899063489200124
1.08230292063439459405
0.50071412525033565100
2.13479652629782323814
2.20752443745961013377
0.80607823918945975539
-0.28162940643667577767
-1.98204692643416224840
-0.01419939438503166340
-0.73804770882884507266
2.05011233593417774301
-0.20838800163752807526
2.77787405250085450703
2.34848898830646746205
-2.94326438331361028844
0.14046491498521682106
-1.09249842274265618336
-2.20531295106982394572
0.88613301368128694069
2.07086600605025816790
-0.76440593093477060549
-0.86795803437870566732
2.06972028330976298705
2.32199879584370005858
-1.60109056990772713469
-0.89257232528053298548
-1.22883981995103264140
-1.79271282311207413862
-0.72857387597142087010
-2.63698311372437421696
-1.01729747753212684813
-2.17733442672054167133
-2.94073862181555689688
-0.99866433985122171624
2.72661009909821405728
1.44322835832660456568
1.57255232103479625216
0.97076140646964026448
-2.55682499093427306747
1.32503713836607306398
2.12302043948450513966
0.64425721863590790228
-1.12887518569570199922
-1.25430622224302967815
-1.44365229002535588876
-2.61702762171944547376
-0.06757830680455784167
-0.73457755221849507787
-1.60470637207113009381
-1.66851811780765935112
1.15628041083320654003
2.53874789285381163850
-0.01186098398318409346
0.92111790058168707684
0.58989382306664317479
1.38693190677580457937
-2.66945897398280207469
-1.73189560849043333590
2.45480076979474848287
-1.10450898979470291117
-1.06203312570337304876
2.07891796898953762351
-1.38365366057712924075
0.85762184723286061239
0.82775598188108401310
-1.91002590930578630690
0.70406366260782504707
2.97885069054851481241
2.60876996877330880054
-1.54334635261203145795
1.97968207693291220473
-2.16370021185603311764
1.61225501184757691320
-0.39689886919700251289
-1.40882401833747783471
0.28281133270966157811
-0.00119923116676319119
2.15274625493535243237
-0.44005233056204240416
2.75836482585821052282
0.35226493096846017705
-0.13247081759122120159
-0.50137585618736435489
-0.52880355000426737533
0.16874039837897683580
1.65066336673586944173
-2.52724592587754326445
-1.05826282132838134231
3.01699229265985913173
-0.72542226444612656344
-2.50998159873987658486
-2.36339772495136335451
-3.09240797704030745408
-1.75802740969482673705
-2.12136301931812010224
2.56414521064605560596
-1.23588384577641052786
-1.72006509513115313226
1.42321260506675684177
0.62998748919100111543
-3.07254842788442150692
-2.56534531509303498353
-2.47787481440726375936
0.81096722692642486674
2.03687067223274009820
-2.16498783939336103543
0.69006385139387815819
-1.26235831250564078942
1.73100444214507920293
-1.50613489419107127176
2.49746031292473080754
-2.30746634503497016766
-3.01930498594111051958
0.37891108159157554924
-2.92457356628689435496
1.91482956718000130181
-2.61910739380450952041
1.20708020463153298252
-2.76775454834873446686
-2.24979091158260269268
-0.52617493262340209181
-3.05178278778137102023
1.98975828451149494569
2.19747187634712126680
-2.01515888766251372033
2.10161991499414302353
-2.73891605996101850096
2.58897001172904817068
-1.28514501942737124907
-1.74448277398407047833
3.06856519617623968443
-0.81950214348742345116
1.24291479972186058589
-1.16173397174406178856
1.80237980784746398832
-1.71377509054032506342
0.96232294266236073632
-0.20541006836620542830
-1.24631020154757554685
1.33549661725006796331
-0.92529000025728513901
2.64102559751671694954
-2.14488167187177536377
-3.00914276195191288110
-0.18940318861086044566
-1.85935049116188744200
-1.40149463748560609844
0.94752844006886605133
2.27795376999647380956
-1.35513259346172421083
3.01100884415492897617
-1.47218810748997985804
-2.94044224368809103964
-1.00643396695373898986
-1.26934930145244084798
2.90231004709161677368
-0.65473184209322643490
-0.73231861354671223818
-0.67050853750895167416
-1.81059587214234429808
-2.64224624173075417488
0.27267858263293359711
-2.55119379306666838048
2.38851282051856106392
1.29086314657855272259
-1.91949415225115127548
-1.19660933583750050957
-1.17040460511209820638
1.95415318425152118031
2.75420666036596362147
-1.45759134740976126210
-0.38559077834772165216
2.16671433518894529513
-1.26802853975253237984
-1.98476336534353769991
-0.61938208787868176408
0.13352496108601691338
0.92147002995131122027
0.22576482962307026225
2.32622290648009677483
2.58803460824703002174
1.59923998703160630264
0.03447397872192099755
0.28937061247258955010
0.68696897055833661128
-0.07027759758182684779
-1.48905402451421164933
-1.29391872654060824388
0.64582489782712448889
1.05044975899534098751
2.59885299470984021397
-1.45957183628450470891
2.91458673445262528290
2.29746581178536235512
2.51191030114876179269
-2.58460911023968709088
-1.22245701701085152102
-0.29188653831186178733
1.35038613398673579269
2.62535882711531831646
0.58010034772508189960
-2.81362971132439509958
-1.41712653826974932514
1.30239875351825973304
3.13918965015024076237
0.86903917744087721964
2.40319708894897043905
-1.39199691168890216098
2.78644155467452403485
2.23403704620192522512
1.28340027291572544854
-2.27957704478131084613
-0.09319765306841251706
-1.17060603672588636748
2.08924460862059513389
-0.86563145491558879385
0.91344994651540623032
0.14665882062622331850
-2.61768220651466654303
2.25514022521837409485
-1.21302424587246693299
-0.50192918804947928013
2.57754355746398733373
2.25451157377067668008
2.54532896810714337477
0.11355722170264313797
-2.96354909642021846494
0.78991095275671519005
-3.07605461320414486082
1.83510681434054689909
0.44196154284989702665
1.42884412799694571206
-1.59192083919499616229
-0.33139391160969211558
-2.60430325603044687810
3.07153498648053346898
-2.11142202246007659738
-0.46382082407858443718
-0.94574902448089537277
1.12668930437185443871
1.48517532563069631912
1.15400616656642962532
-0.85657811515038462247
-2.07601869751451229007
1.18791677840628207008
-0.62981544716670756490
-0.08706464469611907564
0.78306079083945079322
0.71541435501621009063
-1.90454585101323647933
1.57393970886314016333
0.32567172741330580044
0.03499009544014979045
2.56717067799289111463
-1.08882225153465883594
-1.92608197236534439689
-2.51036736279139294226
2.39578072531176733406
1.71868534511393367126
-1.13456897630191266835
1.90732565399571951659
1.51454967793507844220
-3.13554505393236793154
2.32066750526493459361
-0.71388959965048504053
2.44598853214990530347
2.47497384315925428311
-0.81368467400404798084
-0.67806589945196071856
-0.26642176732302302877
1.96735167727260251702
-0.06770318907523813212
-2.83770749788985332529
2.05451725951480579369
-3.07410232154525520087
2.34991829173616117998
-1.49407203293829993207
0.63635379699186367386
-0.44050659743134540358
-1.86319533155175154349
1.06285770314104555112
-2.56873178954143410735
2.46185836612173503113
-2.83060829810995651101
2.87787023770683614288
-2.45527765346112314404
-1.32164932636962495494
2.84249494928329138332
2.79959061283368448869
1.12395316587730831337
0.04835028944217183849
1.47381424685444684108
0.80671875768164269527
-0.89536942082441206558
-1.94824516540088543692
-0.24413790765686632644
2.12506589863437023169
-1.33867883033301793283
-2.93992799585158159914
-2.99250693088729624591
-0.56773137391301364829
0.60155682145347977308
-0.61160324382170405677
-2.93203850292237522268
1.74703438079980744035
-1.13679546511381746043
-1.04724215424618294357
-0.73641858453718600508
-2.68643749882596472034
-1.30369475199317652603
1.51093343141652680650
1.97118070306061610175
1.27361448602739013580
-1.16513525096494130473
2.62645552444924490487
-2.15057431715676150574
-0.82776129953177879361
0.99146314411806868439
-0.32255643905846725916
-2.91668481353423070246
-1.04528241847100122897
-0.28716523505267460559
0.17714257588452453351
-2.01426249922889200050
-1.74994849837143418014
2.99277043755814542436
-0.08887993015816113285
-1.44606151914756742016
0.39901498865293988372
1.07921745961747750364
-2.80754329085641263219
1.15534691550934254245
-1.19777267877041082578
2.43359138500860172627
-2.97580834379560510428
0.29939147943662658413
0.51844853945249436133
2.02375468040394812519
-2.57660360384981723669
-1.98293070849449226678
2.17543217581161085761
1.70626123472357216215
-2.27512888112827926790
0.45222498373783764913
-0.36144881680748436326
-1.09267917111621160053
-2.89856492817762001479
-2.09551778973544156059
1.38618640441825546894
-0.49537895844881640883
-0.05394684294116741663
0.69047652100089540461
-2.72025017473922847699
-2.41247173309702622745
1.28869138719404308091
-2.68828340066609516867
0.84300025408168488550
2.61815250695045520501
1.46756596048646636987
-1.78529926133716410064
1.98064814109599574010
-0.43738108136549719296
-1.58256628735724036439
-1.03187232109473270292
-1.44155921719194202169
0.22248696993874408911
-0.41726813691777892013
-0.96556827329521444092
-0.61287639474900623693
1.36061430725592269475
2.57639390937339252119
-1.77158217897684711062
-3.01351677577640586492
2.34109921904088702505
-2.44141973057960459670
1.42475603537698436440
-0.63181978555689988220
-0.14533769242544736233
-2.90280207513898735883
0.11898550708991681435
3.00150605527564184882
1.91821445939620272014
-1.86610987265444605576
2.62543125882924632819
-2.44844375033844974254
1.04362702223878978103
-0.74458296360956421900
-2.93076829316278475446
-0.65538084397688645133
-0.85238007911826330076
1.62555126107353786757
-1.33316708834772956749
0.30721334270902445063
3.07481254719901198058
-1.34875395589437840904
2.10219568299573911219
-2.76958998134673128888
-0.02465499621175714848
0.16545284793285072733
-2.53094452943722547644
-2.92750546348072226976
-2.20289465014884822125
1.18613673308113187765
3.02062197207620064532
2.84474124306989617494
-2.42933868219538373623
-0.97293384722857323421
2.98257929612418015708
2.84302601602253623980
2.03403602046547105076
1.92367928896585627108
1.46360782746893103301
2.76391179937977193859
-1.39454955128731095115
-1.47228250741811161895
-2.60077803455423950396
-1.04153831382916250980
1.25495250261479385223
-2.44205227791089729550
-2.87426699843054356265
-0.70196003841454102101
-2.85867293925463306081
2.96902069761920817115
-1.50722793116216569054
0.71161377357476218730
2.69940740507995524666
-2.35227461847922247884
-0.74429830799136920128
3.07808635289082976882
1.14147713141415296789
1.31146775312117780388
-2.50193747924472464916
2.55843976289203833829
-1.40610939863670370009
-1.23271261104588814028
-0.70173722183990383527
-2.98199647657451372140
-1.51611685207712243439
-0.83325958593265292418
-2.89863337386504893445
-0.84772516876190517898
-2.19378288124508191714
-0.78040001005764814135
-0.77675409450030818981
2.18008613624094271799
3.03685358883100287031
2.54200870274469759025
2.51851615278778151463
-2.06656235870369098251
2.96542835536306759181
-2.76439232435323933856
-2.19160686220562039850
-1.34119717335655241897
1.75888475926900089696
1.94824457514037363559
-2.15010977873080966205
-2.48179774831539878832
-0.20725592876829240785
-2.36309343061716914391
0.39007021322936685781
-1.22284795481646435533
3.01468406333174199219
-0.03906224560354343289
1.44206546454206119279
0.54016994018391695231
0.97851318894159144968
-2.89193526169433967610
-1.77718977794302679385
3.05495542162549948983
-0.31831284839239659679
0.82954823686970680097
-0.48222132023145114488
-0.55000955759446168436
0.73411166844894615302
-0.19225047289867347455
2.30350203478896764508
-0.01598526399780262480
0.69739951279252065941
1.35366839247098158516
-1.98745448831396398504
0.44734622968541776222
-0.17849349352400620261
2.19947844505912915025
-0.60018042620970513124
-1.83762361138610819111
0.48805963792654627476
2.53513300103312699818
2.24866107010688542900
0.21996687355223287774
-0.67693021144337650608
2.82679010619250847824
-1.43737350881456693585
-2.28797112210371178520
0.39851786252728566007
1.74693751854736079032
-0.16231456502944624498
2.39392861925623812169
1.27393302506458216961
2.86957494411960167824
-2.33149085672459888130
0.18528067661951369560
1.94340990749734410237
-0.81474232165604254519
2.88771967935590279097
-0.59679814837843203623
2.99627365965329550690
1.83535373100139831415
2.97232118197921346692
2.58957979067529020512
-2.57887217927883272139
-0.35660544698387958151
-1.41035818333479023856
2.91973988826094466020
-3.03237826112353703323
-0.12185740475023164320
-1.12780323474519894589
-0.13340522201760166010
-0.90701840225325613964
-0.56177660271626028710
-0.31769044934727902474
-1.23421600048814461559
1.18580995920370946273
-1.55188290886630175791
0.77876563365592355037
3.03577183347655665813
-2.54683260074140926932
-0.16954132431944177184
2.82768651278374161251
2.23609295761475967979
-1.85731920204584843859
-1.00196788925387503255
-2.59759981128182637633
1.67433911866234663712
-2.26766906483060104449
2.58520501004781655396
-1.19263943317879062000
-0.81496741782242898555
0.29622932527013740023
-0.78816823047785333767
2.99388364130627104842
-2.11947099735295241274
1.94613935620797717796
1.23765993584582578713
-2.50834562928470239385
-2.12048781101134276028
0.85576991371016675192
2.28066601199293250701
1.22536127806808337048
1.88427810844457832573
-1.21268116295041816777
3.06893066904461297995
0.39920761057725828724
1.43172908764065187626
2.65831131722127134154
2.60686467902091090210
-0.48260927998676339534
-1.05617170996348486156
-2.07302666749944597413
2.52573181154797454795
0.64522513391854119380
-0.19329026071679042409
1.37134687640423758026
-2.64143849868453761687
1.54706482818552037983
-0.81030267123398980189
1.09202338193836157032
-2.42559752923988281026
-2.99754039875945199611
2.45775947102869629646
-0.77136204586704770758
-0.83770283667653999693
-1.40296136885933342420
-2.25265369706213203216
1.61236874159134013773
1.03387377036032979127
0.98098711157260176652
-2.61414538123908979372
0.11364466327552688596
2.15890592366568601079
-1.07978133987195934473
-0.71318422029791694872
-0.76497253287184086012
2.18926837558292408659
-1.31971893394950834377
1.44100635618362726831
0.13966620669695731238
1.98006628709370180452
-0.67218481981537903103
-1.70014844531964692820
0.04887183391013565775
-1.41562254189244240976
-1.25641407674009375484
-0.62227582052111152233
0.39826543457738139420
1.55661975023570553489
0.15263197276973297645
1.54603825208988210349
-1.31196723094757095041
-2.81554556832411284617
2.60871401141353898012
1.64546566841349251042
1.71592866230223228818
1.75558939167474226117
1.56836032051916562935
-2.32356168077952096596
-1.78846611853811254811
-2.89134799253427754451
0.46999313795272168459
2.74334656858714920347
0.07186690716243275545
-2.74159626966691583050
0.47981074306983279021
2.18330590884707742561
0.14349639543289610666
0.84457460087317270947
-0.60149768494186850454
1.48326816907336089812
-2.50207017327609992918
-3.05030597893235855267
1.36483356883156692341
-1.34779095772721690949
2.26491793137677799308
0.33472156722120416372
-1.91804547933567115514
1.91053550928968540745
-1.43001736582179583834
-2.26739764998098092263
-2.72744954983900944612
1.58993239466109481661
0.13502221268702788159
-0.64742901714917044931
1.91778299782004024721
0.07375169312018572954
2.22939313555356743990
-2.92166299173850196880
-2.74344797457717826106
-2.36937488896487513657
-1.37376561385248274760
-3.06069357728569135801
-2.09823210078714295079
1.59431439490791215796
-1.02439081464353809459
-1.31695736121263418106
3.08660943058078052204
-2.73736518648381155216
2.38125702756302670693
2.59963549807337113151
2.96915781025140423921
-1.47665462451340134820
-2.20933389029876847687
0.35778016620938601910
1.78749899884812246675
-0.27982731923210574232
1.90655526998629754054
2.49090768023256137198
0.82334040756370696634
-0.52858890795141066921
-2.61215588009240295975
1.58581041138424394532
0.85397853456000138994
2.73756819749769730876
1.45713345321509879504
2.38455696400515027022
0.85895325185358140097
-1.97308899000719728534
1.19770425961190318809
1.58308166128258109850
2.62138845165867229170
-2.66809958057656659847
-1.79668179588901799626
-1.11245682067630080603
-0.12764592996335163977
-1.22646486462194514999
-0.37073165996013102141
2.47606756411115958016
-0.40941153127784185584
-0.58791129345138315454
-1.56874530152615121459
-2.99067876895758955058
0.37335277111321429899
2.64132534673822316762
-1.15276266148064099326
-0.31810488494526772962
-3.12956480062197561764
-2.67102036693176181359
-1.78062148799340969063
0.93272193693813376658
0.51617600363547289088
2.93709682898902979531
0.64194137281759333646
1.60394088678945845317
1.07488680536297076529
-2.89453233414348920505
-2.34652468434469696490
-1.38083858169538498117
2.03227444147604918712
2.87399662288774937480
-1.45159079272551605477
2.60939689600419422177
2.90727696823126757764
2.61075040941833780295
-1.69844529908281804964
1.54392930998611133120
2.97677560811556629616
0.08942883007785568106
2.82376536654953769201
-0.68299481702635556069
2.99534934554944154428
-1.13153290682787965871
1.15722383261313721547
2.65451295041769919081
-1.44686234916464750988
-1.67632734810408612347
0.28881261881572611872
0.86770496301779920234
1.78852898563588125214
-0.47043860781889962341
-1.90591457291296895171
-3.11352146828555920166
-1.80977210701773016943
3.09790213962536720160
-0.81663844486080305884
0.73375157502673971077
1.62205500862639828696
-2.10829362152210686432
0.61435425139024701924
0.99585871785984458882
-3.06035221832473158798
0.57379778574961326498
-2.34585646839790351592
-2.18842282418180733572
-1.50291975010366551935
2.09560330793687832340
0.19181450877493186336
1.40994385563151847229
0.32974752883710778395
2.62494892183003525332
2.76585528153525439521
-3.12430723967759593762
2.28706934639693848510
-1.68995957793546680570
2.32094709303546942181
0.73987472661317499334
0.38829142032322894185
-1.98426225105747056077
1.69316038606744312389
-1.79777658625048997187
0.94363027612610139716
-2.40282596854787389162
1.00555862118433325669
-1.91910994527867240222
2.00350015285062132975
3.14110663765644781975
-1.67131767538088893410
1.63629615649429238644
-2.97910923724203335894
1.70897408442301723674
-0.43350162294947852670
-1.80611186200320550377
0.50828609195256724274
1.73917380565065848863
-2.19555837039800527677
1.32647801903151285607
2.70156499692314477912
0.40663437361008269999
-2.61317981897605955410
1.69371948826501816932
1.35604670504220048421
-2.83745037279209144643
2.07807196042022956917
-1.13655884214052105285
3.04860863782158997282
-0.95673098636306741493
-0.26053389664773546341
2.11355723533605921460
1.48711153643671112334
2.67030091847153538964
2.15139265859447359475
-3.12942611774195134089
0.95735995821874975142
0.82129930484812774250
1.95956491319256986827
-1.77604451428824949843
-1.97104983742442807504
-2.66056337031549627881
-2.82822330201591842780
1.55407335981229355326
-1.38697624096537608374
-0.08148846026328653014
-2.70958382678366982432
-0.61585043146961859772
-2.58437715533806011692
-1.74836614675945778430
1.26159336253072118517
-2.07952797773743158771
2.82922914701403760418
-1.32540761619673763683
-0.83938322244968066599
-2.51178472384965223441
0.96919656672412679566
2.68764354207057332147
-1.73459812563543480657
-1.95239952546521133847
-1.03245004988907429500
-1.63128890906937007443
-1.76389584888560557729
1.41865331218110535261
-2.44762644984169908113
0.43687248700850617178
3.00437027078549956371
2.21771882442121626156
0.19198212675894435475
2.43883983825296191128
0.68815478019458253822
2.98980369702340320615
1.44225603799698398610
-1.40327054994453681580
2.84028830148411470802
2.21344600093741350477
-2.41784210748908590105
-1.85833756828475959999
2.34461383078042695516
-0.52269196484474733655
-2.95574496993098057018
2.11715224125141343592
-2.36570059054606307569
1.10640081949477808720
2.05921775656799832532
1.08000878137521172384
-1.85963679642611312559
2.74642212289329545882
2.13229835457784488995
-1.21741646983173179564
-3.05263178763228903989
1.37243945189294502818
1.68449472693953739011
1.12081307779875216646
2.93169730619145108008
-0.20654889890390101814
2.41374215356355437123
1.44722810243587174384
0.00131388606977318333
-1.32308059433469216160
-1.62371985653671346839
-0.42067800976023167481
-0.88523640851931451046
-2.04650418778054765667
-2.62001555290962562239
1.72991532638801226440
0.82312003478232442788
1.58584417874949923366
2.30351635248529973410
0.13667868493076343328
-2.94645031303213178475
-0.52935492872743661330
2.44140510436962365759
-0.94766829502383986839
0.90691449149965464027
2.49783402839863422074
-2.55952727605969965197
-1.12438514406672585011
-2.05601282145017005831
-1.87030292289675248441
-1.14788334790973589605
2.19382677541800941157
-0.48406441335112004865
-0.37284599606799639915
-1.74066876845583395905
0.33387466457215242421
1.60792854213447844458
-2.89787105961765822926
2.26097004013120983501
1.31971440728921773911
-1.33312640923197345266
-1.24327920286311477405
0.28350934759578672040
-2.19508398150637340507
1.41282605249462034358
2.25747825306325688999
-2.94972560477679079938
-1.66988473664027581300
-0.01073882109183186585
2.48272827476692858895
0.05382447372958532039
-0.45959390508796615915
3.00202019829216526503
-0.91237040448794715086
0.17725380284693820210
2.51105347083931418339
2.33617097810151808090
-1.50895992698612047000
3.13387660236336795805
-2.63961352979954977371
0.00277735618844554555
-1.10519363459210384626
-2.62007395766131745418
-2.29319320621222422218
-0.13025643951388685138
-2.46426219267016444192
2.64748473294588704263
2.69422565408846192980
1.33394797684111887648
0.80391007852063500749
-2.51528174261559422931
-0.16882112964102916064
0.64242603273713327905
-2.39617707968345516889
-0.19007861147837062932
-2.09160148935058565201
2.61011025257660822518
-0.11667412569179728965
0.20200362711096628288
1.85423484840778751703
0.92986235877595002641
-3.06749203431310224488
1.21266708550796953325
0.43686395634964136914
3.06920349617304744072
-2.30681439780408981122
2.16144817901409647121
-0.86495219940283329940
-2.26419323129698302210
-1.88951733053269710361
-0.24560031825879014011
2.86927644931491832025
-2.37122374975020644428
2.05138317999921904189
-2.77892857110144353427
-2.46187020604941686486
-2.88056686868434841386
-0.45157733981893216635
-0.94884819670299547223
1.02667381945034041912
3.13754197797559042371
-3.07615500129300611931
0.23354884539591111436
2.84350810744739712632
1.97910322530397286833
0.11199973910832407287
-1.33623397058577420005
-1.76306764881400268585
-1.01941484690324957185
1.02791880706377170007
-0.96054224753872863296
-1.80565657734478723917
-2.71618189699930878689
1.49574422169504872571
-2.59303786937019520309
2.25239189495929670315
-2.70908646606625813646
1.88522822832288716732
2.81102482655392460487
2.88535642654847412913
3.06895858292588474825
-0.05120874122159482789
2.32459323525055916448
-2.83110081801024326964
2.32885996269260830971
-1.45799561403764665890
2.10409351784589615519
3.06742182238598370958
-0.61349902700045544357
0.67818806856379387771
1.51257251931831770975
-2.85244019241620661020
0.44647670057999705451
-2.32353027183024796187
2.38838714211408387200
2.28395316883778587425
-0.80250408677406981361
2.23845966446451294374
-0.03291303281748147319
1.85847424438988051421
-0.35754441733203834453
2.99554629567415542368
2.61368210436051651158
-0.98981412406217206268
-3.04166682425258372291
-0.51995608436272111597
-0.85210608473287285936
-2.09894963243962484611
0.10350506778977808242
0.13484519922201229636
2.62484386039565187332
-2.11981910452783184340
2.41914008560712145979
-0.52452386748446255815
-1.49521788888856654864
-0.93298334750516864755
-2.15476206603817832530
-2.09447584419254617671
-0.20100485328910572269
0.27724854528414666355
-0.82440702050316716498
0.31726774703947385747
-0.00637791820951482888
-1.53333166913551055544
0.13459360399628603200
-0.10501421462915490335
0.33346975220305635768
-0.27123219392634417835
-0.88725068686009789243
-0.99149898953695392301
-2.08049717322530680619
1.09247110444032702326
2.33570470995595602659
-1.90279014028670179215
2.68578030454167215879
1.92709035500695469167
0.44222271383801037281
-3.00445300583472940659
-2.69509082972357427721
1.95441769187625680182
2.52444481905877760042
-0.49282848300519221940
-2.76050067477863825260
0.28957676933427878296
0.88936564103473936260
-2.79889131132592217099
-1.02342746908744519629
2.67656265197854192905
-2.66748305709102861982
-0.36864469083520851056
0.41650084778051410517
-0.76748935900448789216
-3.12643450551044432828
-2.92397465698866332318
-2.09150095159680438073
0.33391014301049082302
2.01349696427563484846
-0.14059811290882326396
0.96618515233204627091
1.14522252592894213663
0.46257541235671767454
-2.37905236696523925133
-0.91310009164412375693
-1.07909545859559652392
1.48452093152331365822
-3.09513445671186993025
-1.62573901636778006541
-2.12522979923431121207
2.82148496351274591376
2.92843715885673772092
-2.14227311593765268327
2.73582623360272148005
2.82200242710531901125
1.25221189641720798136
-0.30309141655337140664
-1.46914046114869090154
-2.94453799822574691092
2.32386690260175132750
-1.45066379520823840465
-0.64218250702772372573
2.59532478554646539592
0.99911056836255407454
2.51120544144641577589
1.49672281648152316613
-1.30980458710411995504
-1.56156550351669398680
-1.29704106643347638617
0.44436818856877335904
0.34113430624867219221
-0.41455022150347958787
0.13868799158049988085
-1.64754275347186474043
-1.21472346605890546556
-2.75862389951849795722
-0.25028871731900254050
-2.78160830871534026087
-0.15937597625967750425
2.11057151743247306541
0.86005220017145000977
1.24076570671120389733
2.29178246362805193570
-0.51350255000958255902
2.86405884031476665186
-0.35604045567923542359
0.79681300768511964527
0.87222081985766508616
-1.64100015874345150912
-2.32987125952285856201
-2.69473969503441290740
1.62972721861859137782
-1.67160194680525586719
2.47156213581739470087
0.97666223152565290189
1.25975288744373004057
0.12216119962692098544
-2.49874732296754453742
0.87415553796892653260
2.14025386235855163974
2.14794248102183882310
-0.73637950844303046161
0.65165914091714305378
-1.66313181637411844349
2.84176697078097095783
0.93107470787816637436
2.30063453136846485236
-2.25716466595990272737
1.22994117190266716300
1.00617260361177929262
0.69708954309530046789
-0.93765008658492510207
-0.78840984647231737714
0.06619488286280100775
2.08764178439208647475
-1.58200136424694282056
-2.83235982941853947636
-0.94426634166337541920
0.17928175148403141526
1.26568250390484915435
2.22601760732979370161
2.15441678870860409134
0.05204392779666169866
-1.61573513202257990073
2.30429716423858499397
0.03954937391172183569
-2.15583999720858932037
2.96768560134797843020
2.12415929716939411165
0.00630547491810626391
1.65851637226754822230
1.69435704894975480705
1.17763739137097411813
-1.15258347515440040532
-1.53483038088922629782
1.39368350961789100317
-0.85434430261412197538
-0.01026859031902768726
-2.35386341346874328195
1.21955909383385563416
-0.26538712495690053306
-1.94606009019098058488
-2.44056110519678393089
0.01273206862062586063
0.07505699462340280348
1.87967366186293860508
-0.09232442031055657083
-1.48180664750088642023
2.52185890087655728564
0.48322613178665208000
1.85001405794570938923
-3.08467179175100802979
0.49775604888388563785
-0.35384587885486190606
1.66928748927025560889
-1.99487667917386946037
-0.47145925912785890954
1.85232794040692150261
-1.88764954491681669069
-1.26936892869040662823
-2.79929816533366793152
-1.58324341657077338752
-1.19727632531635985735
1.61344777305833564363
-0.96023489460017552588
2.83855371802502398637
-0.14358449746367296651
-2.55609770138069869461
-0.12512648829402064909
1.47256454561491101352
-1.64065217293196785597
-0.35040166223217522612
-1.96043048243946449460
0.01190593625630755742
-0.96863695494366486294
-0.95499094832041608871
0.36390896263683986112
0.39565024978634810715
-0.16216999481477628597
-0.95562929980820465747
-2.38856130758767459810
0.42539780360067180887
-2.99796548964628639666
0.62245411435811803802
-3.11280537147767777384
-1.29466592331031060681
2.71363078290182269114
2.42492036440114366869
-2.88712317103159454845
2.71645387929738379995
2.11937252040428747435
0.06415673328772540651
-1.26051155532680647653
2.42643127260693569625
-2.12649426033333366348
-1.23211934778582654637
-1.25190741530052118691
-2.11472980792367426517
1.69453156912010793889
2.77983643666055524335
-2.20506139984067850435
-0.40530282463482492084
-1.18171440572425257010
-2.69454136317096715203
3.06286971653218831335
0.65720936369212445971
-0.64734889725382749326
0.39479384358135455324
2.18481767307053331706
2.35335417184048001360
1.99857531313057212863
0.78995502509224080345
-3.12417248228877220129
1.78600306064624758662
-1.21407283686225486719
-1.43116306647776414529
2.83717274268204189269
-2.32034465846957171919
0.27273076743598545502
2.64300373024079071627
2.09528863550958854844
2.28274511199695151475
1.83601737146861454519
0.21720904427707959927
2.76163021436028932598
-2.87550106882776201900
1.91821135837921352696
-1.95404559722329262961
0.31048322779100984148
-2.33291773185586048811
1.64098407410426405661
-2.90810177072340003690
-1.93607406652272917569
-0.77723821457691322223
-0.16055559837916366650
0.44795453557587072702
-1.33225352565424581819
-1.66995568235746771890
-1.34793986886573047279
-1.46696425712537870112
1.48084942226959426215
0.47897521137537557578
-2.40970031282791463667
2.77826170702126118428
-1.77234703077434763152
-2.36951461014486852719
-2.97309721403510618387
0.13920057329176499517
0.46977066598158628841
2.43886522102682246071
-0.42918009282650548819
-2.45550267116328679862
-1.96668879592348000429
3.06183090056242379617
-0.39105588454869660842
2.38559953961547188683
0.58027531333761828147
3.04145437315510402954
0.56511487445777208727
2.23064277011892686531
-2.27541576713875226545
-2.36678984373297129906
-0.85185193581810836339
1.94511003324030640194
1.57831495816174949276
-1.35701817039535588272
-2.27197825517408791285
2.80723943405499376524
0.06507092879576321931
-1.91032049427243610928
-0.68981047172964904401
-1.81488420191391508496
-1.69588346876468909485
-0.21034917541052752799
0.03456262776826592859
-2.81255595852351003572
-2.39256546049484031258
0.61968113439374739038
1.46277178442832012095
-2.64103457028870725054
2.38452749743757186351
-1.18031319172594928446
-0.50530549194104568134
0.38017274208232365584
1.40705573113689941245
1.13368771017106162446
0.50305797647203343015
1.38485333231554963440
-1.12758822559906302097
-0.91684772558916405316
2.31307402700829589648
1.03880805287966038186
0.35452836616643162992
2.13341786202465266697
1.29156884014456130316
-0.35298308443939296897
0.20970010969540525680
-3.09109375707034450542
0.11125203773355020476
-2.27932333669640208029
-2.42121905811410398357
-1.78183936925921448946
-0.70024670967126856347
-1.34865068514630159768
-2.63012444812306389608
-1.00553496706591793952
0.14607853539616474925
-1.02673992361283916708
-0.26526831623336960542
2.55246721577316559859
-0.67083386993768179263
2.67916000854225933026
2.45757318924991929876
2.99956396545125425490
1.80538621680604371988
-2.83412814839327253935
-2.16891815087509787219
-1.21353158086176504682
-0.17185381835420243668
-0.90044924666073045127
1.73175651681884579247
-3.03548859817948590845
0.07815073283557720518
-2.66749070240113494989
-0.42046158460981658544
0.27528149133505031010
-2.95107987238143865127
-2.75485451473668474520
-1.79616753332780176855
3.08414841187254618049
2.94492680745365209560
-0.68707422910642990121
1.97362761339621251011
2.51357498855727135023
-0.60088277928364253189
-2.49601188605552470889
0.73935820759599402141
1.71383984728529048525
2.95925299622890447537
1.44537160801595243598
0.62548271656293363829
0.42358105303601106817
-2.41217334128208094057
0.48742701068535965181
-1.69417488708710295420
-0.12138779351452250177
2.41149592335184470571
-1.43934179513921156612
2.63396859571008379319
-2.15179742782901639586
0.86313840682668818705
0.54065846305558507012
-2.65368310940008100829
2.96436550758183114951
-2.21360879402549493022
0.78446399693698465327
0.38585924478687272376
1.17478186872828027631
-1.79147705294535453113
-0.65244181808666756872
-2.63717169943132834220
-0.59744989762965561297
-2.52460647118141645606
0.07715425193401792558
-0.95272003438691366117
0.24561565253632244854
-1.44638506304931180324
1.43875722162391905812
-1.29493955588952069924
2.73202362525657216352
0.60517057203830959544
2.63820836171555184180
-2.42032131311865494894
-2.83295833487312398447
-0.27878810356801797532
1.92119142329048120388
1.87226668414629737747
2.26414936919404530258
1.56064128645070554491
1.67015518514351879453
-1.17232226465915290170
2.73978511918215295040
1.02207816509772930758
1.18795499766742262970
0.41434366613310580352
-2.05216449529897015935
-0.22507554705686391716
2.70626823026611118550
-2.88432005927053669581
-1.98201112193314976651
0.31199195179235134079
1.01711363111215935540
2.78284280973474951182
-2.52375694475251322046
0.53934213426837951388
-1.42727181374210521092
-1.81308285605450469902
-0.92068169299936619687
0.40623647193255957299
0.68509981090885019306
-1.76341538764263128236
0.32904789579128007615
2.86379677459939951945
0.27396323812975303946
-0.29296885130248184748
0.76263552805490886222
-2.43874117841699478149
-2.50558233486042158944
-2.24132268646517340827
2.91907065888705563594
0.90144745243903889875
0.99912628722109020352
1.66420486769008424410
-2.46205707700565756824
2.31191957499744571436
-0.96998949770084719191
-0.69141566406521526300
2.00896741670347855901
1.47841610716930493830
-0.72471796972253477165
0.97616131187385368762
-2.63199051153406227144
2.30782168895699424382
-0.68136358983797740141
-1.81073270341295478048
0.00982080401693987727
1.07603872361669283819
